# Matter power spectrum P(k) at redshift z=0.7
# for k=1.04043e-05 to 1.07542 h/Mpc,
# number of wavenumbers equal to 602
#    1:k (h/Mpc)              2:P (Mpc/h)^3        
       1.040429282337e-05       2.222018926433e+01 
       2.324866307648e-05       4.846776516277e+01 
       3.613790501622e-05       7.434688833886e+01 
       4.910650097620e-05       1.000994371430e+02 
       6.218950005114e-05       1.258684005542e+02 
       7.542282885405e-05       1.517641961794e+02 
       8.884361215105e-05       1.778833715654e+02 
       1.024905076167e-04       2.043163294877e+02 
       1.164040589842e-04       2.311513471171e+02 
       1.306270718998e-04       2.584770609404e+02 
       1.452050167956e-04       2.863842369025e+02 
       1.601864630421e-04       3.149671821503e+02 
       1.756235484672e-04       3.443249785477e+02 
       1.915724879770e-04       3.745626351367e+02 
       2.080941243768e-04       4.057922054563e+02 
       2.252545234541e-04       4.381339072685e+02 
       2.431256137787e-04       4.717172543703e+02 
       2.617858692887e-04       5.066822075718e+02 
       2.813210293044e-04       5.431803323894e+02 
       3.018248458199e-04       5.813759443339e+02 
       3.233998414060e-04       6.214472091740e+02 
       3.461580524182e-04       6.635871408397e+02 
       3.702217210678e-04       7.080044268158e+02 
       3.957238860379e-04       7.549239778533e+02 
       4.228088046901e-04       8.045870754779e+02 
       4.516321210170e-04       8.572509541573e+02 
       4.823606735920e-04       9.131876272541e+02 
       5.151718192646e-04       9.726817385660e+02 
       5.502521351389e-04       1.036027208644e+03 
       5.877953590499e-04       1.103522453468e+03 
       6.279994444356e-04       1.175464018344e+03 
       6.710626469378e-04       1.252138524167e+03 
       7.171786337262e-04       1.333813027812e+03 
       7.665307146437e-04       1.420724067886e+03 
       8.192854310910e-04       1.513065940511e+03 
       8.755858874097e-04       1.610978979609e+03 
       9.355453421617e-04       1.714538870245e+03 
       9.992416575691e-04       1.823748080515e+03 
       1.066713200913e-03       1.938530478083e+03 
       1.137956683157e-03       2.058729935256e+03 
       1.212927214382e-03       2.184113288647e+03 
       1.291540588340e-03       2.314377567231e+03 
       1.373677535457e-03       2.449155505319e+03 
       1.459189463313e-03       2.588030777817e+03 
       1.547905078388e-03       2.730575793054e+03 
       1.639637266221e-03       2.876333209248e+03 
       1.734189684600e-03       3.024840901661e+03 
       1.831362662041e-03       3.175642875391e+03 
       1.930958153067e-03       3.328298031412e+03 
       2.032783650177e-03       3.482386906253e+03 
       2.136655070053e-03       3.637516533236e+03 
       2.242398710959e-03       3.793323382416e+03 
       2.349852421770e-03       3.949475256487e+03 
       2.458866137760e-03       4.105670892659e+03 
       2.569301933237e-03       4.261639229970e+03 
       2.681033724531e-03       4.417137678679e+03 
       2.793946734978e-03       4.571950576550e+03 
       2.907936810844e-03       4.725886381206e+03 
       3.022909656145e-03       4.878776677419e+03 
       3.138780036184e-03       5.030474226805e+03 
       3.255470984925e-03       5.180850714324e+03 
       3.372913039719e-03       5.329794617375e+03 
       3.491043518173e-03       5.477208773188e+03 
       3.609805845513e-03       5.623009627271e+03 
       3.729148936222e-03       5.767124644667e+03 
       3.849026630596e-03       5.909492930278e+03 
       3.969397184775e-03       6.050061519753e+03 
       4.090222811513e-03       6.188787446630e+03 
       4.211469268211e-03       6.325633301772e+03 
       4.333105488385e-03       6.460568885055e+03 
       4.455103252656e-03       6.593570691728e+03 
       4.577436895419e-03       6.724618544944e+03 
       4.700083043564e-03       6.853697034480e+03 
       4.823020383828e-03       6.980796135605e+03 
       4.946229455683e-03       7.105909501718e+03 
       5.069692466913e-03       7.229032943133e+03 
       5.193393129336e-03       7.350166547901e+03 
       5.317316512380e-03       7.469307961442e+03 
       5.441448912481e-03       7.586464678360e+03 
       5.565777736498e-03       7.701642323560e+03 
       5.690291397537e-03       7.814847194867e+03 
       5.814979221761e-03       7.926090904006e+03 
       5.939831364959e-03       8.035381411429e+03 
       6.064838737742e-03       8.142729886352e+03 
       6.189992938415e-03       8.248148264637e+03 
       6.315286192650e-03       8.351650214973e+03 
       6.440711299222e-03       8.453245184819e+03 
       6.566261581120e-03       8.552951645166e+03 
       6.691930841467e-03       8.650791921259e+03 
       6.817713323708e-03       8.746767623190e+03 
       6.943603675623e-03       8.840901005749e+03 
       7.069596916748e-03       8.933208062713e+03 
       7.195688408854e-03       9.023703152643e+03 
       7.321873829159e-03       9.112403980345e+03 
       7.448149145998e-03       9.199329612322e+03 
       7.574510596685e-03       9.284494798061e+03 
       7.700954667371e-03       9.367915577661e+03 
       7.827478074670e-03       9.449616066385e+03 
       7.954077748905e-03       9.529608507589e+03 
       8.080750818793e-03       9.607910072325e+03 
       8.207494597446e-03       9.684538805837e+03 
       8.334306569553e-03       9.759514873802e+03 
       8.461184379637e-03       9.832852407308e+03 
       8.588125821281e-03       9.904569875583e+03 
       8.715128827237e-03       9.974685135123e+03 
       8.842191460339e-03       1.004321434910e+04 
       8.969311905144e-03       1.011017458910e+04 
       9.096488460232e-03       1.017558335498e+04 
       9.223719531117e-03       1.023945781748e+04 
       9.351003623707e-03       1.030181352521e+04 
       9.478339338272e-03       1.036266689182e+04 
       9.605725363866e-03       1.042203696351e+04 
       9.733160473179e-03       1.047993865946e+04 
       9.860643517770e-03       1.053639138909e+04 
       9.988173423661e-03       1.059140325751e+04 
       1.011574918725e-02       1.064499723530e+04 
       1.024336987152e-02       1.069719149968e+04 
       1.037103460255e-02       1.074799928244e+04 
       1.049874256624e-02       1.079743183331e+04 
       1.062649300529e-02       1.084551279165e+04 
       1.075428521643e-02       1.089225145992e+04 
       1.088211854774e-02       1.093766794711e+04 
       1.100999239633e-02       1.098177281267e+04 
       1.113790620598e-02       1.102458350706e+04 
       1.126585946513e-02       1.106611317125e+04 
       1.139385170491e-02       1.110638019840e+04 
       1.152188249731e-02       1.114539484213e+04 
       1.164995145350e-02       1.118317420449e+04 
       1.177805822230e-02       1.121973187130e+04 
       1.190620248867e-02       1.125508314968e+04 
       1.203438397238e-02       1.128923983429e+04 
       1.216260242678e-02       1.132221443776e+04 
       1.229085763756e-02       1.135403047041e+04 
       1.241914942172e-02       1.138469109620e+04 
       1.254747762651e-02       1.141421704194e+04 
       1.267584212856e-02       1.144261545435e+04 
       1.280424283292e-02       1.146990622680e+04 
       1.293267967234e-02       1.149609907797e+04 
       1.306115260643e-02       1.152120857223e+04 
       1.318966162108e-02       1.154524720771e+04 
       1.331820672771e-02       1.156822704789e+04 
       1.344678796277e-02       1.159015927044e+04 
       1.357540538715e-02       1.161106444797e+04 
       1.370405908569e-02       1.163094607062e+04 
       1.383274916674e-02       1.164982076244e+04 
       1.396147576175e-02       1.166769922146e+04 
       1.409023902487e-02       1.168459529454e+04 
       1.421903913263e-02       1.170051787117e+04 
       1.434787628362e-02       1.171548217313e+04 
       1.447675069823e-02       1.172949825886e+04 
       1.460566261841e-02       1.174258684456e+04 
       1.473461230744e-02       1.175474200968e+04 
       1.486360004975e-02       1.176599241098e+04 
       1.499262615078e-02       1.177634700627e+04 
       1.512169093683e-02       1.178581130144e+04 
       1.525079475497e-02       1.179440273214e+04 
       1.537993797294e-02       1.180213172550e+04 
       1.550912097912e-02       1.180901046939e+04 
       1.563834418245e-02       1.181503895482e+04 
       1.576760801247e-02       1.182024641723e+04 
       1.589691291928e-02       1.182462107467e+04 
       1.602625937360e-02       1.182818392599e+04 
       1.615564786680e-02       1.183095900593e+04 
       1.628507891098e-02       1.183294056400e+04 
       1.641455303903e-02       1.183414081566e+04 
       1.654407080477e-02       1.183458180220e+04 
       1.667363278307e-02       1.183426295943e+04 
       1.680323956993e-02       1.183319911405e+04 
       1.693289178275e-02       1.183139554205e+04 
       1.706259006039e-02       1.182887381244e+04 
       1.719233506344e-02       1.182563044271e+04 
       1.732212747441e-02       1.182168633186e+04 
       1.745196799794e-02       1.181705290147e+04 
       1.758185736107e-02       1.181172608334e+04 
       1.771179631348e-02       1.180572707074e+04 
       1.784178562778e-02       1.179905718107e+04 
       1.797182609979e-02       1.179174115760e+04 
       1.810191854888e-02       1.178377269386e+04 
       1.823206381825e-02       1.177517204421e+04 
       1.836226277532e-02       1.176594576486e+04 
       1.849251631206e-02       1.175610506370e+04 
       1.862282534539e-02       1.174565525232e+04 
       1.875319081755e-02       1.173460320669e+04 
       1.888361369654e-02       1.172296113453e+04 
       1.901409497651e-02       1.171074106393e+04 
       1.914463567825e-02       1.169795016332e+04 
       1.927523684962e-02       1.168459812525e+04 
       1.940589956606e-02       1.167070453382e+04 
       1.953662493104e-02       1.165625253393e+04 
       1.966741407666e-02       1.164126938003e+04 
       1.979826816410e-02       1.162575421937e+04 
       1.992918838426e-02       1.160973124355e+04 
       2.006017595825e-02       1.159320082871e+04 
       2.019123213806e-02       1.157615861382e+04 
       2.032235820714e-02       1.155863037842e+04 
       2.045355548104e-02       1.154062000532e+04 
       2.058482530807e-02       1.152212588745e+04 
       2.071616907001e-02       1.150317735236e+04 
       2.084758818275e-02       1.148376107136e+04 
       2.097908409706e-02       1.146389695012e+04 
       2.111065829936e-02       1.144358287984e+04 
       2.124231231243e-02       1.142284609813e+04 
       2.137404769626e-02       1.140168321689e+04 
       2.150586604885e-02       1.138009258385e+04 
       2.163776900706e-02       1.135808898518e+04 
       2.176975824749e-02       1.133569279100e+04 
       2.190183548739e-02       1.131290181556e+04 
       2.203400248559e-02       1.128971707208e+04 
       2.216626104342e-02       1.126615078205e+04 
       2.229861300579e-02       1.124220852603e+04 
       2.243106026212e-02       1.121793054603e+04 
       2.256360474744e-02       1.119323829710e+04 
       2.269624844347e-02       1.116822751929e+04 
       2.282899337975e-02       1.114288027299e+04 
       2.296184163478e-02       1.111717483670e+04 
       2.309479533722e-02       1.109116674718e+04 
       2.322785666710e-02       1.106480036276e+04 
       2.336102785714e-02       1.103814584556e+04 
       2.349431119401e-02       1.101118169480e+04 
       2.362770901968e-02       1.098391329810e+04 
       2.376122373285e-02       1.095635030704e+04 
       2.389485779037e-02       1.092848970088e+04 
       2.402861370869e-02       1.090035367542e+04 
       2.416249406545e-02       1.087193559252e+04 
       2.429650150102e-02       1.084325413171e+04 
       2.443063872013e-02       1.081431067893e+04 
       2.456490849357e-02       1.078509427359e+04 
       2.469931365994e-02       1.075565837166e+04 
       2.483385712741e-02       1.072595923324e+04 
       2.496854187561e-02       1.069603604752e+04 
       2.510337095751e-02       1.066586395477e+04 
       2.523834750144e-02       1.063545741689e+04 
       2.537347471312e-02       1.060486620553e+04 
       2.550875587776e-02       1.057403617443e+04 
       2.564419436226e-02       1.054298688623e+04 
       2.577979361748e-02       1.051175318119e+04 
       2.591555718055e-02       1.048032430369e+04 
       2.605148867732e-02       1.044870032173e+04 
       2.618759182484e-02       1.041686621801e+04 
       2.632387043396e-02       1.038486937910e+04 
       2.646032841200e-02       1.035270557117e+04 
       2.659696976552e-02       1.032035032976e+04 
       2.673379860323e-02       1.028786733242e+04 
       2.687081913890e-02       1.025520521446e+04 
       2.700803569449e-02       1.022235901987e+04 
       2.714545270333e-02       1.018940783190e+04 
       2.728307471343e-02       1.015629087867e+04 
       2.742090639089e-02       1.012303403345e+04 
       2.755895252351e-02       1.008964617135e+04 
       2.769721802439e-02       1.005611145153e+04 
       2.783570793585e-02       1.002248327325e+04 
       2.797442743334e-02       9.988736178469e+03 
       2.811338182959e-02       9.954817881812e+03 
       2.825257657887e-02       9.920838514872e+03 
       2.839201728147e-02       9.886703600327e+03 
       2.853170968826e-02       9.852503958193e+03 
       2.867165970554e-02       9.818171756726e+03 
       2.881187340001e-02       9.783765956958e+03 
       2.895235700394e-02       9.749290316983e+03 
       2.909311692059e-02       9.714719161245e+03 
       2.923415972980e-02       9.680012536401e+03 
       2.937549219384e-02       9.645292241725e+03 
       2.951712126348e-02       9.610482399248e+03 
       2.965905408434e-02       9.575569784826e+03 
       2.980129800345e-02       9.540605658122e+03 
       2.994386057617e-02       9.505568580366e+03 
       3.008674957331e-02       9.470499224314e+03 
       3.022997298863e-02       9.435338170326e+03 
       3.037353904661e-02       9.400147169811e+03 
       3.051745621061e-02       9.364887207798e+03 
       3.066173319134e-02       9.329583576565e+03 
       3.080637895571e-02       9.294222933861e+03 
       3.095140273615e-02       9.258847177493e+03 
       3.109681404022e-02       9.223421872747e+03 
       3.124262266079e-02       9.187947445764e+03 
       3.138883868658e-02       9.152454809229e+03 
       3.153547251326e-02       9.116930709735e+03 
       3.168253485506e-02       9.081372169904e+03 
       3.183003675686e-02       9.045793627047e+03 
       3.197798960697e-02       9.010185029628e+03 
       3.212640515044e-02       8.974541190175e+03 
       3.227529550304e-02       8.938924504166e+03 
       3.242467316591e-02       8.903260599628e+03 
       3.257455104100e-02       8.867571163250e+03 
       3.272494244720e-02       8.831912163893e+03 
       3.287586113735e-02       8.796223873683e+03 
       3.302732131606e-02       8.760527575661e+03 
       3.317933765851e-02       8.724829285495e+03 
       3.333192533019e-02       8.689134083712e+03 
       3.348510000768e-02       8.653426983400e+03 
       3.363887790059e-02       8.617715108502e+03 
       3.379327577458e-02       8.581991331687e+03 
       3.394831097571e-02       8.546351760057e+03 
       3.410400145613e-02       8.510641331344e+03 
       3.426036580116e-02       8.474946372801e+03 
       3.441742325789e-02       8.439306305440e+03 
       3.457519376544e-02       8.403613569703e+03 
       3.473369798692e-02       8.367959761483e+03 
       3.489295734329e-02       8.332314808691e+03 
       3.505299404916e-02       8.296703452509e+03 
       3.521383115076e-02       8.261060723669e+03 
       3.537549256615e-02       8.225482615120e+03 
       3.553800312794e-02       8.189899769050e+03 
       3.570138862857e-02       8.154329014610e+03 
       3.586567586847e-02       8.118768945272e+03 
       3.603089270721e-02       8.083249411335e+03 
       3.619706811796e-02       8.047734511507e+03 
       3.636423224547e-02       8.012234533577e+03 
       3.653241646779e-02       7.976759776350e+03 
       3.670165346216e-02       7.941295393686e+03 
       3.687197727528e-02       7.905863684419e+03 
       3.704342339841e-02       7.870436905075e+03 
       3.721602884756e-02       7.835024832426e+03 
       3.738983224942e-02       7.799639324770e+03 
       3.756487393327e-02       7.764278755301e+03 
       3.774119602953e-02       7.728931601736e+03 
       3.791884257551e-02       7.693578574840e+03 
       3.809785962898e-02       7.658262053676e+03 
       3.827829539018e-02       7.622947867341e+03 
       3.846020033321e-02       7.587637469529e+03 
       3.864362734748e-02       7.552382515506e+03 
       3.882863189029e-02       7.517125214024e+03 
       3.901527215149e-02       7.481860038022e+03 
       3.920360923153e-02       7.446616466615e+03 
       3.939370733396e-02       7.411384834839e+03 
       3.958563397408e-02       7.376142690336e+03 
       3.977946020523e-02       7.340902366061e+03 
       3.997526086449e-02       7.305670071219e+03 
       4.017311483991e-02       7.270435180844e+03 
       4.037310536143e-02       7.235196890923e+03 
       4.057532031818e-02       7.199950583583e+03 
       4.077985260490e-02       7.164702990522e+03 
       4.098680050079e-02       7.129426993241e+03 
       4.119626808441e-02       7.094147891759e+03 
       4.140836568888e-02       7.058845765444e+03 
       4.162321040199e-02       7.023492671504e+03 
       4.184092661659e-02       6.988141771648e+03 
       4.206164663746e-02       6.952766245596e+03 
       4.228551135160e-02       6.917350613749e+03 
       4.251267096986e-02       6.881873978228e+03 
       4.274328584931e-02       6.846362690873e+03 
       4.297752740672e-02       6.810805177538e+03 
       4.321557913547e-02       6.775132190542e+03 
       4.345763774010e-02       6.739452139220e+03 
       4.370391440476e-02       6.703693275966e+03 
       4.395463621474e-02       6.667862735751e+03 
       4.421004775344e-02       6.631930205320e+03 
       4.447041290077e-02       6.595884488904e+03 
       4.473601686380e-02       6.559741854012e+03 
       4.500716847560e-02       6.523507336369e+03 
       4.528420280537e-02       6.487112977324e+03 
       4.556748413018e-02       6.450562461786e+03 
       4.585740932915e-02       6.413878052481e+03 
       4.615441177200e-02       6.377029722067e+03 
       4.645896578891e-02       6.340011445150e+03 
       4.677159182594e-02       6.302776648856e+03 
       4.709286241262e-02       6.265319220124e+03 
       4.742340909487e-02       6.227636303956e+03 
       4.776393052090e-02       6.189673374925e+03 
       4.811520190917e-02       6.151456466289e+03 
       4.847808618092e-02       6.112924546941e+03 
       4.885354710597e-02       6.074034652987e+03 
       4.924266489506e-02       6.034792779550e+03 
       4.964665477821e-02       5.995112628953e+03 
       5.006688924464e-02       5.954990598067e+03 
       5.050492479254e-02       5.914368556672e+03 
       5.096253425712e-02       5.873167385495e+03 
       5.144174606646e-02       5.831350831892e+03 
       5.194489213004e-02       5.788807572614e+03 
       5.247466651335e-02       5.745502760172e+03 
       5.303419760686e-02       5.701285457409e+03 
       5.362713716856e-02       5.656018565902e+03 
       5.425777039091e-02       5.609598002871e+03 
       5.493115195053e-02       5.561757030113e+03 
       5.565327366489e-02       5.512305995337e+03 
       5.643126949968e-02       5.460910696906e+03 
       5.727366238898e-02       5.407194833156e+03 
       5.819065294733e-02       5.350637487387e+03 
       5.919443945408e-02       5.290547806087e+03 
       6.029953579553e-02       5.226035475762e+03 
       6.152301034023e-02       5.155888626472e+03 
       6.288449255579e-02       5.078516933779e+03 
       6.440567940875e-02       4.991783111759e+03 
       6.610894446587e-02       4.892997933706e+03 
       6.801461634759e-02       4.778931945311e+03 
       7.013679076075e-02       4.646130039560e+03 
       7.247844089833e-02       4.491626109796e+03 
       7.502789424066e-02       4.314060566926e+03 
       7.775921361604e-02       4.114776791209e+03 
       8.063724817448e-02       3.898351794249e+03 
       8.362502064588e-02       3.672118588088e+03 
       8.668983919050e-02       3.444911550870e+03 
       8.980619615365e-02       3.225509041274e+03 
       9.295586367043e-02       3.021407098481e+03 
       9.612656893541e-02       2.838042366491e+03 
       9.931036454251e-02       2.678500136270e+03 
       1.025022303274e-01       2.543603576043e+03 
       1.056990440504e-01       2.432213077528e+03 
       1.088988823444e-01       2.341632859972e+03 
       1.121005672213e-01       2.268077854092e+03 
       1.153033796778e-01       2.207092357083e+03 
       1.185068817000e-01       2.153995642306e+03 
       1.217108066937e-01       2.104295468805e+03 
       1.249149924255e-01       2.054057089443e+03 
       1.281193401231e-01       2.000263266077e+03 
       1.313237895819e-01       1.941003579183e+03 
       1.345283040326e-01       1.875583744176e+03 
       1.377328609490e-01       1.804446569997e+03 
       1.409374464660e-01       1.728978211756e+03 
       1.441420519895e-01       1.651215588082e+03 
       1.473466721387e-01       1.573507680158e+03 
       1.505513034956e-01       1.498200475960e+03 
       1.537559438453e-01       1.427363858207e+03 
       1.569605917136e-01       1.362606770861e+03 
       1.601652460861e-01       1.304968743163e+03 
       1.633699062363e-01       1.254880665609e+03 
       1.665745716206e-01       1.212202083854e+03 
       1.697792418137e-01       1.176293823085e+03 
       1.729839164694e-01       1.146128172986e+03 
       1.761885952952e-01       1.120418240951e+03 
       1.793932780375e-01       1.097746034632e+03 
       1.825979644709e-01       1.076747851220e+03 
       1.858026543923e-01       1.056322656954e+03 
       1.890073476165e-01       1.035103741619e+03 
       1.922120439729e-01       1.012292286152e+03 
       1.954167433039e-01       9.874507753796e+02 
       1.986214454629e-01       9.605215934628e+02 
       2.018261503133e-01       9.317905462208e+02 
       2.050308577273e-01       9.018151769847e+02 
       2.082355675854e-01       8.713007404678e+02 
       2.114402797754e-01       8.410104860377e+02 
       2.146449941920e-01       8.116533672458e+02 
       2.178497107361e-01       7.838315760813e+02 
       2.210544293145e-01       7.580002382271e+02 
       2.242591498393e-01       7.344461555461e+02 
       2.274638722276e-01       7.132946977977e+02 
       2.306685964014e-01       6.945160257001e+02 
       2.338733222865e-01       6.779383396305e+02 
       2.370780498133e-01       6.632657875017e+02 
       2.402827789155e-01       6.501031796641e+02 
       2.434875095305e-01       6.380140486718e+02 
       2.466922415991e-01       6.265467355757e+02 
       2.498969750648e-01       6.152909519396e+02 
       2.531017098744e-01       6.039080419807e+02 
       2.563064459771e-01       5.921576002299e+02 
       2.595111833247e-01       5.799048081130e+02 
       2.627159218714e-01       5.671118721597e+02 
       2.659206615735e-01       5.538370064299e+02 
       2.691254023896e-01       5.402097659981e+02 
       2.723301442800e-01       5.264175626097e+02 
       2.755348872071e-01       5.126800478992e+02 
       2.787396311349e-01       4.992296755106e+02 
       2.819443760291e-01       4.862824607502e+02 
       2.851491218570e-01       4.740128498611e+02 
       2.883538685871e-01       4.625401022657e+02 
       2.915586161897e-01       4.519187437570e+02 
       2.947633646361e-01       4.421396418932e+02 
       2.979681138989e-01       4.331441140556e+02 
       3.011728639520e-01       4.248338698087e+02 
       3.043776147702e-01       4.170882722981e+02 
       3.075823663295e-01       4.097748874872e+02 
       3.107871186068e-01       4.027599807622e+02 
       3.139918715801e-01       3.959175077879e+02 
       3.171966252282e-01       3.891360939181e+02 
       3.204013795307e-01       3.823280320525e+02 
       3.236061344680e-01       3.754355300123e+02 
       3.268108900215e-01       3.684355148884e+02 
       3.300156461730e-01       3.613378687970e+02 
       3.332204029053e-01       3.541806857616e+02 
       3.364251602016e-01       3.470200811923e+02 
       3.396299180459e-01       3.399218580172e+02 
       3.428346764228e-01       3.329525566690e+02 
       3.460394353174e-01       3.261695703991e+02 
       3.492441947154e-01       3.196233230331e+02 
       3.524489546030e-01       3.133520414666e+02 
       3.556537149669e-01       3.073804868816e+02 
       3.588584757943e-01       3.017174019595e+02 
       3.620632370728e-01       2.963562245132e+02 
       3.652679987906e-01       2.912738356482e+02 
       3.684727609360e-01       2.864335106726e+02 
       3.716775234979e-01       2.817909598960e+02 
       3.748822864658e-01       2.772987333430e+02 
       3.780870498291e-01       2.729136285512e+02 
       3.812918135779e-01       2.686000638457e+02 
       3.844965777025e-01       2.643319724963e+02 
       3.877013421935e-01       2.600920479452e+02 
       3.909061070419e-01       2.558722147881e+02 
       3.941108722390e-01       2.516695535033e+02 
       3.973156377762e-01       2.474884004037e+02 
       4.005204036453e-01       2.433384760310e+02 
       4.037251698385e-01       2.392347743430e+02 
       4.069299363481e-01       2.351952561109e+02 
       4.101347031665e-01       2.312390335805e+02 
       4.133394702866e-01       2.273829258411e+02 
       4.165442377015e-01       2.236387636596e+02 
       4.197490054042e-01       2.200135272199e+02 
       4.229537733883e-01       2.165073063474e+02 
       4.261585416474e-01       2.131182447529e+02 
       4.293633101753e-01       2.098410695346e+02 
       4.325680789659e-01       2.066688311209e+02 
       4.357728480136e-01       2.035941472764e+02 
       4.389776173126e-01       2.006076077702e+02 
       4.421823868574e-01       1.976976572241e+02 
       4.453871566428e-01       1.948519607165e+02 
       4.485919266635e-01       1.920584427073e+02 
       4.517966969146e-01       1.893063720337e+02 
       4.550014673911e-01       1.865891369760e+02 
       4.582062380882e-01       1.839026398559e+02 
       4.614110090015e-01       1.812463813777e+02 
       4.646157801264e-01       1.786222698219e+02 
       4.678205514584e-01       1.760325316763e+02 
       4.710253229935e-01       1.734803295642e+02 
       4.742300947274e-01       1.709689938481e+02 
       4.774348666562e-01       1.685023354721e+02 
       4.806396387759e-01       1.660848253795e+02 
       4.838444110827e-01       1.637212478230e+02 
       4.870491835729e-01       1.614153276209e+02 
       4.902539562430e-01       1.591695021595e+02 
       4.934587290893e-01       1.569834511692e+02 
       4.966635021085e-01       1.548544498515e+02 
       4.998682752973e-01       1.527782018383e+02 
       5.030730486523e-01       1.507494033018e+02 
       5.062778221704e-01       1.487633099594e+02 
       5.094825958486e-01       1.468156588579e+02 
       5.126873696838e-01       1.449032554151e+02 
       5.158921436730e-01       1.430230398580e+02 
       5.190969178135e-01       1.411721805775e+02 
       5.223016921024e-01       1.393481852533e+02 
       5.255064665370e-01       1.375489401063e+02 
       5.287112411147e-01       1.357735705681e+02 
       5.319160158328e-01       1.340224930489e+02 
       5.351207906888e-01       1.322972787116e+02 
       5.383255656803e-01       1.305999646996e+02 
       5.415303408049e-01       1.289325566714e+02 
       5.447351160601e-01       1.272960170506e+02 
       5.479398914437e-01       1.256904468879e+02 
       5.511446669534e-01       1.241154788467e+02 
       5.543494425871e-01       1.225703992171e+02 
       5.575542183426e-01       1.210547172919e+02 
       5.607589942178e-01       1.195682724127e+02 
       5.639637702106e-01       1.181109096314e+02 
       5.671685463191e-01       1.166818629085e+02 
       5.703733225413e-01       1.152799309084e+02 
       5.735780988753e-01       1.139034165019e+02 
       5.767828753193e-01       1.125500002889e+02 
       5.799876518713e-01       1.112181859074e+02 
       5.831924285297e-01       1.099067154020e+02 
       5.863972052926e-01       1.086153036379e+02 
       5.896019821583e-01       1.073436171854e+02 
       5.928067591253e-01       1.060914901398e+02 
       5.960115361918e-01       1.048585441182e+02 
       5.992163133562e-01       1.036440733762e+02 
       6.024210906170e-01       1.024473999391e+02 
       6.056258679727e-01       1.012680670604e+02 
       6.088306454217e-01       1.001063610820e+02 
       6.120354229625e-01       9.896279582283e+01 
       6.152402005938e-01       9.783797675139e+01 
       6.184449783141e-01       9.673243210408e+01 
       6.216497561221e-01       9.564589724724e+01 
       6.248545340163e-01       9.457769994132e+01 
       6.280593119955e-01       9.352708884908e+01 
       6.312640900584e-01       9.249317576755e+01 
       6.344688682037e-01       9.147555373116e+01 
       6.376736464301e-01       9.047395813419e+01 
       6.408784247365e-01       8.948833337560e+01 
       6.440832031216e-01       8.851846742709e+01 
       6.472879815842e-01       8.756361690590e+01 
       6.504927601233e-01       8.662297647122e+01 
       6.536975387376e-01       8.569570461026e+01 
       6.569023174262e-01       8.478115663789e+01 
       6.601070961878e-01       8.387921148551e+01 
       6.633118750215e-01       8.298992494418e+01 
       6.665166539262e-01       8.211362699808e+01 
       6.697214329008e-01       8.125046205285e+01 
       6.729262119444e-01       8.040001491835e+01 
       6.761309910560e-01       7.956205363274e+01 
       6.793357702346e-01       7.873600176666e+01 
       6.825405494793e-01       7.792148928708e+01 
       6.857453287892e-01       7.711847900857e+01 
       6.889501081633e-01       7.632713752161e+01 
       6.921548876007e-01       7.554770685143e+01 
       6.953596671006e-01       7.478005868407e+01 
       6.985644466621e-01       7.402401260482e+01 
       7.017692262844e-01       7.327899249895e+01 
       7.049740059665e-01       7.254429945993e+01 
       7.081787857078e-01       7.181958998121e+01 
       7.113835655075e-01       7.110473934545e+01 
       7.145883453646e-01       7.039967049067e+01 
       7.177931252785e-01       6.970449397392e+01 
       7.209979052484e-01       6.901917903578e+01 
       7.242026852735e-01       6.834366784771e+01 
       7.274074653531e-01       6.767677422250e+01 
       7.306122454866e-01       6.701878327689e+01 
       7.338170256731e-01       6.636923325205e+01 
       7.370218059121e-01       6.572805021652e+01 
       7.402265862027e-01       6.509539144389e+01 
       7.434313665444e-01       6.447144342206e+01 
       7.466361469365e-01       6.385620065569e+01 
       7.498409273783e-01       6.324946110370e+01 
       8.187162480805e-01       5.194356875392e+01 
       9.180143341386e-01       4.007939117360e+01 
       1.075416213259e+00       2.787198158919e+01 
