# Matter power spectrum P(k) at redshift z=0.7
# for k=1.04043e-05 to 1.07542 h/Mpc,
# number of wavenumbers equal to 602
#    1:k (h/Mpc)              2:P (Mpc/h)^3        
       1.040429282337e-05       2.221343658985e+01 
       2.324866307648e-05       4.845306058577e+01 
       3.613790501622e-05       7.432439928377e+01 
       4.910650097620e-05       1.000692881205e+02 
       6.218950005114e-05       1.258307045204e+02 
       7.542282885405e-05       1.517190665079e+02 
       8.884361215105e-05       1.778309291179e+02 
       1.024905076167e-04       2.042567081663e+02 
       1.164040589842e-04       2.310846990968e+02 
       1.306270718998e-04       2.584035621481e+02 
       1.452050167956e-04       2.863040930759e+02 
       1.601864630421e-04       3.148806357249e+02 
       1.756235484672e-04       3.442323165817e+02 
       1.915724879770e-04       3.744641984673e+02 
       2.080941243768e-04       4.056883992747e+02 
       2.252545234541e-04       4.380252132803e+02 
       2.431256137787e-04       4.716042446820e+02 
       2.617858692887e-04       5.065655603841e+02 
       2.813210293044e-04       5.430608494799e+02 
       3.018248458199e-04       5.812545701536e+02 
       3.233998414060e-04       6.213250511332e+02 
       3.461580524182e-04       6.634654900037e+02 
       3.702217210678e-04       7.078847777180e+02 
       3.957238860379e-04       7.548080454562e+02 
       4.228088046901e-04       8.044768064318e+02 
       4.516321210170e-04       8.571485284740e+02 
       4.823606735920e-04       9.130954453920e+02 
       5.151718192646e-04       9.726023879558e+02 
       5.502521351389e-04       1.035963403237e+03 
       5.877953590499e-04       1.103476940587e+03 
       6.279994444356e-04       1.175439449807e+03 
       6.710626469378e-04       1.252137294199e+03 
       7.171786337262e-04       1.333837089378e+03 
       7.665307146437e-04       1.420774751415e+03 
       8.192854310910e-04       1.513143812407e+03 
       8.755858874097e-04       1.611083787729e+03 
       9.355453421617e-04       1.714669622314e+03 
       9.992416575691e-04       1.823903281485e+03 
       1.066713200913e-03       1.938708509939e+03 
       1.137956683157e-03       2.058929504271e+03 
       1.212927214382e-03       2.184333811397e+03 
       1.291540588340e-03       2.314619349324e+03 
       1.373677535457e-03       2.449419612990e+03 
       1.459189463313e-03       2.588318616474e+03 
       1.547905078388e-03       2.730888547803e+03 
       1.639637266221e-03       2.876671385451e+03 
       1.734189684600e-03       3.025204192126e+03 
       1.831362662041e-03       3.176030422646e+03 
       1.930958153067e-03       3.328708942867e+03 
       2.032783650177e-03       3.482820731939e+03 
       2.136655070053e-03       3.637973433143e+03 
       2.242398710959e-03       3.793803900103e+03 
       2.349852421770e-03       3.949979862420e+03 
       2.458866137760e-03       4.106199603035e+03 
       2.569301933237e-03       4.262191544973e+03 
       2.681033724531e-03       4.417712857622e+03 
       2.793946734978e-03       4.572548036135e+03 
       2.907936810844e-03       4.726505930889e+03 
       3.022909656145e-03       4.879418441169e+03 
       3.138780036184e-03       5.031138337203e+03 
       3.255470984925e-03       5.181537024680e+03 
       3.372913039719e-03       5.330502644733e+03 
       3.491043518173e-03       5.477937894785e+03 
       3.609805845513e-03       5.623759358642e+03 
       3.729148936222e-03       5.767894779006e+03 
       3.849026630596e-03       5.910283445146e+03 
       3.969397184775e-03       6.050872359500e+03 
       4.090222811513e-03       6.189618338515e+03 
       4.211469268211e-03       6.326483605266e+03 
       4.333105488385e-03       6.461437960451e+03 
       4.455103252656e-03       6.594458182924e+03 
       4.577436895419e-03       6.725524393603e+03 
       4.700083043564e-03       6.854621259693e+03 
       4.823020383828e-03       6.981738582634e+03 
       4.946229455683e-03       7.106869759825e+03 
       5.069692466913e-03       7.230010476586e+03 
       5.193393129336e-03       7.351160911350e+03 
       5.317316512380e-03       7.470318916201e+03 
       5.441448912481e-03       7.587492128045e+03 
       5.565777736498e-03       7.702686138726e+03 
       5.690291397537e-03       7.815907084104e+03 
       5.814979221761e-03       7.927166434814e+03 
       5.939831364959e-03       8.036472148792e+03 
       6.064838737742e-03       8.143835523207e+03 
       6.189992938415e-03       8.249268634082e+03 
       6.315286192650e-03       8.352785183782e+03 
       6.440711299222e-03       8.454394528340e+03 
       6.566261581120e-03       8.554115013975e+03 
       6.691930841467e-03       8.651968920118e+03 
       6.817713323708e-03       8.747957923301e+03 
       6.943603675623e-03       8.842104397272e+03 
       7.069596916748e-03       8.934424399707e+03 
       7.195688408854e-03       9.024932249108e+03 
       7.321873829159e-03       9.113645551357e+03 
       7.448149145998e-03       9.200583307840e+03 
       7.574510596685e-03       9.285760293541e+03 
       7.700954667371e-03       9.369192638961e+03 
       7.827478074670e-03       9.450904534175e+03 
       7.954077748905e-03       9.530908217516e+03 
       8.080750818793e-03       9.609220788461e+03 
       8.207494597446e-03       9.685860223364e+03 
       8.334306569553e-03       9.760846685228e+03 
       8.461184379637e-03       9.834194368487e+03 
       8.588125821281e-03       9.905921814975e+03 
       8.715128827237e-03       9.976046899759e+03 
       8.842191460339e-03       1.004458573954e+04 
       8.969311905144e-03       1.011155534171e+04 
       9.096488460232e-03       1.017697318511e+04 
       9.223719531117e-03       1.024085648081e+04 
       9.351003623707e-03       1.030322084195e+04 
       9.478339338272e-03       1.036408271406e+04 
       9.605725363866e-03       1.042346111843e+04 
       9.733160473179e-03       1.048137091935e+04 
       9.860643517770e-03       1.053783149532e+04 
       9.988173423661e-03       1.059285097151e+04 
       1.011574918725e-02       1.064645237330e+04 
       1.024336987152e-02       1.069865391689e+04 
       1.037103460255e-02       1.074946882504e+04 
       1.049874256624e-02       1.079890830335e+04 
       1.062649300529e-02       1.084699595680e+04 
       1.075428521643e-02       1.089374109330e+04 
       1.088211854774e-02       1.093916386475e+04 
       1.100999239633e-02       1.098327487021e+04 
       1.113790620598e-02       1.102609156442e+04 
       1.126585946513e-02       1.106762705576e+04 
       1.139385170491e-02       1.110789970239e+04 
       1.152188249731e-02       1.114691975276e+04 
       1.164995145350e-02       1.118470434035e+04 
       1.177805822230e-02       1.122126708947e+04 
       1.190620248867e-02       1.125662332000e+04 
       1.203438397238e-02       1.129078480440e+04 
       1.216260242678e-02       1.132376402216e+04 
       1.229085763756e-02       1.135558447311e+04 
       1.241914942172e-02       1.138624934069e+04 
       1.254747762651e-02       1.141577938768e+04 
       1.267584212856e-02       1.144418177797e+04 
       1.280424283292e-02       1.147147639314e+04 
       1.293267967234e-02       1.149767292249e+04 
       1.306115260643e-02       1.152278591443e+04 
       1.318966162108e-02       1.154682787945e+04 
       1.331820672771e-02       1.156981091095e+04 
       1.344678796277e-02       1.159174620754e+04 
       1.357540538715e-02       1.161265433764e+04 
       1.370405908569e-02       1.163253876619e+04 
       1.383274916674e-02       1.165141609953e+04 
       1.396147576175e-02       1.166929704096e+04 
       1.409023902487e-02       1.168619546244e+04 
       1.421903913263e-02       1.170212027510e+04 
       1.434787628362e-02       1.171708670185e+04 
       1.447675069823e-02       1.173110478193e+04 
       1.460566261841e-02       1.174419521400e+04 
       1.473461230744e-02       1.175635207538e+04 
       1.486360004975e-02       1.176760404486e+04 
       1.499262615078e-02       1.177796010161e+04 
       1.512169093683e-02       1.178742575570e+04 
       1.525079475497e-02       1.179601842952e+04 
       1.537993797294e-02       1.180374853205e+04 
       1.550912097912e-02       1.181062824781e+04 
       1.563834418245e-02       1.181665758123e+04 
       1.576760801247e-02       1.182186579062e+04 
       1.589691291928e-02       1.182624109894e+04 
       1.602625937360e-02       1.182980449659e+04 
       1.615564786680e-02       1.183258000370e+04 
       1.628507891098e-02       1.183456186135e+04 
       1.641455303903e-02       1.183576229614e+04 
       1.654407080477e-02       1.183620336936e+04 
       1.667363278307e-02       1.183588452521e+04 
       1.680323956993e-02       1.183482058483e+04 
       1.693289178275e-02       1.183301680900e+04 
       1.706259006039e-02       1.183049476065e+04 
       1.719233506344e-02       1.182725096283e+04 
       1.732212747441e-02       1.182330633229e+04 
       1.745196799794e-02       1.181867230165e+04 
       1.758185736107e-02       1.181334479755e+04 
       1.771179631348e-02       1.180734500241e+04 
       1.784178562778e-02       1.180067422414e+04 
       1.797182609979e-02       1.179335721277e+04 
       1.810191854888e-02       1.178538767368e+04 
       1.823206381825e-02       1.177678587382e+04 
       1.836226277532e-02       1.176755836798e+04 
       1.849251631206e-02       1.175771635398e+04 
       1.862282534539e-02       1.174726513438e+04 
       1.875319081755e-02       1.173621158751e+04 
       1.888361369654e-02       1.172456793342e+04 
       1.901409497651e-02       1.171234621142e+04 
       1.914463567825e-02       1.169955359037e+04 
       1.927523684962e-02       1.168619975440e+04 
       1.940589956606e-02       1.167230428103e+04 
       1.953662493104e-02       1.165785031277e+04 
       1.966741407666e-02       1.164286511668e+04 
       1.979826816410e-02       1.162734784891e+04 
       1.992918838426e-02       1.161132270494e+04 
       2.006017595825e-02       1.159479005293e+04 
       2.019123213806e-02       1.157774552261e+04 
       2.032235820714e-02       1.156021489615e+04 
       2.045355548104e-02       1.154220206417e+04 
       2.058482530807e-02       1.152370542760e+04 
       2.071616907001e-02       1.150475431933e+04 
       2.084758818275e-02       1.148533540214e+04 
       2.097908409706e-02       1.146546857667e+04 
       2.111065829936e-02       1.144515173239e+04 
       2.124231231243e-02       1.142441211673e+04 
       2.137404769626e-02       1.140324634847e+04 
       2.150586604885e-02       1.138165277664e+04 
       2.163776900706e-02       1.135964618393e+04 
       2.176975824749e-02       1.133724693634e+04 
       2.190183548739e-02       1.131445284629e+04 
       2.203400248559e-02       1.129126493222e+04 
       2.216626104342e-02       1.126769542377e+04 
       2.229861300579e-02       1.124374990375e+04 
       2.243106026212e-02       1.121946861500e+04 
       2.256360474744e-02       1.119477299578e+04 
       2.269624844347e-02       1.116975879795e+04 
       2.282899337975e-02       1.114440808378e+04 
       2.296184163478e-02       1.111869913434e+04 
       2.309479533722e-02       1.109268749525e+04 
       2.322785666710e-02       1.106631751309e+04 
       2.336102785714e-02       1.103965935451e+04 
       2.349431119401e-02       1.101269151482e+04 
       2.362770901968e-02       1.098541938621e+04 
       2.376122373285e-02       1.095785262624e+04 
       2.389485779037e-02       1.092998821455e+04 
       2.402861370869e-02       1.090184834628e+04 
       2.416249406545e-02       1.087342637820e+04 
       2.429650150102e-02       1.084474099193e+04 
       2.443063872013e-02       1.081579357709e+04 
       2.456490849357e-02       1.078657317535e+04 
       2.469931365994e-02       1.075713325021e+04 
       2.483385712741e-02       1.072743005240e+04 
       2.496854187561e-02       1.069750277322e+04 
       2.510337095751e-02       1.066732654963e+04 
       2.523834750144e-02       1.063691584876e+04 
       2.537347471312e-02       1.060632045190e+04 
       2.550875587776e-02       1.057548620493e+04 
       2.564419436226e-02       1.054443267011e+04 
       2.577979361748e-02       1.051319469011e+04 
       2.591555718055e-02       1.048176150861e+04 
       2.605148867732e-02       1.045013319655e+04 
       2.618759182484e-02       1.041829473643e+04 
       2.632387043396e-02       1.038629352024e+04 
       2.646032841200e-02       1.035412531085e+04 
       2.659696976552e-02       1.032176563907e+04 
       2.673379860323e-02       1.028927819258e+04 
       2.687081913890e-02       1.025661160214e+04 
       2.700803569449e-02       1.022376091191e+04 
       2.714545270333e-02       1.019080521436e+04 
       2.728307471343e-02       1.015768372705e+04 
       2.742090639089e-02       1.012442232647e+04 
       2.755895252351e-02       1.009102989081e+04 
       2.769721802439e-02       1.005749057894e+04 
       2.783570793585e-02       1.002385779723e+04 
       2.797442743334e-02       9.990106082185e+03 
       2.811338182959e-02       9.956183139771e+03 
       2.825257657887e-02       9.922199117410e+03 
       2.839201728147e-02       9.888059526859e+03 
       2.853170968826e-02       9.853855201584e+03 
       2.867165970554e-02       9.819518299349e+03 
       2.881187340001e-02       9.785107787295e+03 
       2.895235700394e-02       9.750627423600e+03 
       2.909311692059e-02       9.716051530792e+03 
       2.923415972980e-02       9.681340151830e+03 
       2.937549219384e-02       9.646615102527e+03 
       2.951712126348e-02       9.611800492590e+03 
       2.965905408434e-02       9.576883094636e+03 
       2.980129800345e-02       9.541914176152e+03 
       2.994386057617e-02       9.506872297521e+03 
       3.008674957331e-02       9.471798138006e+03 
       3.022997298863e-02       9.436632268411e+03 
       3.037353904661e-02       9.401436446548e+03 
       3.051745621061e-02       9.366171651823e+03 
       3.066173319134e-02       9.330863181907e+03 
       3.080637895571e-02       9.295497694552e+03 
       3.095140273615e-02       9.260117092820e+03 
       3.109681404022e-02       9.224686935001e+03 
       3.124262266079e-02       9.189207645961e+03 
       3.138883868658e-02       9.153710143914e+03 
       3.153547251326e-02       9.118181176029e+03 
       3.168253485506e-02       9.082617765096e+03 
       3.183003675686e-02       9.047034348393e+03 
       3.197798960697e-02       9.011420870843e+03 
       3.212640515044e-02       8.975772144645e+03 
       3.227529550304e-02       8.940150576360e+03 
       3.242467316591e-02       8.904481785361e+03 
       3.257455104100e-02       8.868787459906e+03 
       3.272494244720e-02       8.833123573868e+03 
       3.287586113735e-02       8.797430390638e+03 
       3.302732131606e-02       8.761729198495e+03 
       3.317933765851e-02       8.726026016219e+03 
       3.333192533019e-02       8.690325924311e+03 
       3.348510000768e-02       8.654613930953e+03 
       3.363887790059e-02       8.618897159753e+03 
       3.379327577458e-02       8.583168484402e+03 
       3.394831097571e-02       8.547524027932e+03 
       3.410400145613e-02       8.511808706650e+03 
       3.426036580116e-02       8.476108856748e+03 
       3.441742325789e-02       8.440463902836e+03 
       3.457519376544e-02       8.404766272383e+03 
       3.473369798692e-02       8.369107576856e+03 
       3.489295734329e-02       8.333457740164e+03 
       3.505299404916e-02       8.297841503888e+03 
       3.521383115076e-02       8.262193887846e+03 
       3.537549256615e-02       8.226610900006e+03 
       3.553800312794e-02       8.191023176192e+03 
       3.570138862857e-02       8.155447547826e+03 
       3.586567586847e-02       8.119882604957e+03 
       3.603089270721e-02       8.084358200191e+03 
       3.619706811796e-02       8.048838429636e+03 
       3.636423224547e-02       8.013333585563e+03 
       3.653241646779e-02       7.977853967410e+03 
       3.670165346216e-02       7.942384723483e+03 
       3.687197727528e-02       7.906948154737e+03 
       3.704342339841e-02       7.871516517044e+03 
       3.721602884756e-02       7.836099590920e+03 
       3.738983224942e-02       7.800709234135e+03 
       3.756487393327e-02       7.765343816291e+03 
       3.774119602953e-02       7.729991814360e+03 
       3.791884257551e-02       7.694633940232e+03 
       3.809785962898e-02       7.659312579309e+03 
       3.827829539018e-02       7.623993552336e+03 
       3.846020033321e-02       7.588678311469e+03 
       3.864362734748e-02       7.553418522291e+03 
       3.882863189029e-02       7.518156388307e+03 
       3.901527215149e-02       7.482886379081e+03 
       3.920360923153e-02       7.447637974419e+03 
       3.939370733396e-02       7.412401510026e+03 
       3.958563397408e-02       7.377154534257e+03 
       3.977946020523e-02       7.341909380295e+03 
       3.997526086449e-02       7.306672254116e+03 
       4.017311483991e-02       7.271432530435e+03 
       4.037310536143e-02       7.236189409381e+03 
       4.057532031818e-02       7.200938271407e+03 
       4.077985260490e-02       7.165685844767e+03 
       4.098680050079e-02       7.130405008495e+03 
       4.119626808441e-02       7.095121070474e+03 
       4.140836568888e-02       7.059814105545e+03 
       4.162321040199e-02       7.024456162835e+03 
       4.184092661659e-02       6.989100414046e+03 
       4.206164663746e-02       6.953720038934e+03 
       4.228551135160e-02       6.918299551936e+03 
       4.251267096986e-02       6.882818049760e+03 
       4.274328584931e-02       6.847301892802e+03 
       4.297752740672e-02       6.811739505796e+03 
       4.321557913547e-02       6.776061626250e+03 
       4.345763774010e-02       6.740376680786e+03 
       4.370391440476e-02       6.704612915963e+03 
       4.395463621474e-02       6.668777462591e+03 
       4.421004775344e-02       6.632840002878e+03 
       4.447041290077e-02       6.596789345091e+03 
       4.473601686380e-02       6.560641754570e+03 
       4.500716847560e-02       6.524402266142e+03 
       4.528420280537e-02       6.488002917894e+03 
       4.556748413018e-02       6.451447390345e+03 
       4.585740932915e-02       6.414757948794e+03 
       4.615441177200e-02       6.377904567275e+03 
       4.645896578891e-02       6.340881212901e+03 
       4.677159182594e-02       6.303641310184e+03 
       4.709286241262e-02       6.266178746219e+03 
       4.742340909487e-02       6.228490660518e+03 
       4.776393052090e-02       6.190522527300e+03 
       4.811520190917e-02       6.152300376378e+03 
       4.847808618092e-02       6.113763173828e+03 
       4.885354710597e-02       6.074867946195e+03 
       4.924266489506e-02       6.035620691475e+03 
       4.964665477821e-02       5.995935099083e+03 
       5.006688924464e-02       5.955807566284e+03 
       5.050492479254e-02       5.915179953359e+03 
       5.096253425712e-02       5.873973133063e+03 
       5.144174606646e-02       5.832150843267e+03 
       5.194489213004e-02       5.789601750878e+03 
       5.247466651335e-02       5.746290999374e+03 
       5.303419760686e-02       5.702067631604e+03 
       5.362713716856e-02       5.656794532841e+03 
       5.425777039091e-02       5.610367604231e+03 
       5.493115195053e-02       5.562520070214e+03 
       5.565327366489e-02       5.513062253157e+03 
       5.643126949968e-02       5.461659905982e+03 
       5.727366238898e-02       5.407936675461e+03 
       5.819065294733e-02       5.351371573256e+03 
       5.919443945408e-02       5.291273650202e+03 
       6.029953579553e-02       5.226752471314e+03 
       6.152301034023e-02       5.156596001731e+03 
       6.288449255579e-02       5.079213696727e+03 
       6.440567940875e-02       4.992467977801e+03 
       6.610894446587e-02       4.893669249969e+03 
       6.801461634759e-02       4.779587614668e+03 
       7.013679076075e-02       4.646767491893e+03 
       7.247844089833e-02       4.492242366998e+03 
       7.502789424066e-02       4.314652464832e+03 
       7.775921361604e-02       4.115341349215e+03 
       8.063724817448e-02       3.898886660803e+03 
       8.362502064588e-02       3.672622416748e+03 
       8.668983919050e-02       3.445384207652e+03 
       8.980619615365e-02       3.225951596619e+03 
       9.295586367043e-02       3.021821651349e+03 
       9.612656893541e-02       2.838431761854e+03 
       9.931036454251e-02       2.678867642486e+03 
       1.025022303274e-01       2.543952574465e+03 
       1.056990440504e-01       2.432546793188e+03 
       1.088988823444e-01       2.341954148061e+03 
       1.121005672213e-01       2.268389050490e+03 
       1.153033796778e-01       2.207395186339e+03 
       1.185068817000e-01       2.154291186752e+03 
       1.217108066937e-01       2.104584194419e+03 
       1.249149924255e-01       2.054338922328e+03 
       1.281193401231e-01       2.000537718354e+03 
       1.313237895819e-01       1.941269900848e+03 
       1.345283040326e-01       1.875841089965e+03 
       1.377328609490e-01       1.804694155406e+03 
       1.409374464660e-01       1.729215442472e+03 
       1.441420519895e-01       1.651442149281e+03 
       1.473466721387e-01       1.573723579318e+03 
       1.505513034956e-01       1.498406042455e+03 
       1.537559438453e-01       1.427559705418e+03 
       1.569605917136e-01       1.362793732935e+03 
       1.601652460861e-01       1.305147796881e+03 
       1.633699062363e-01       1.255052846880e+03 
       1.665745716206e-01       1.212368409316e+03 
       1.697792418137e-01       1.176455221680e+03 
       1.729839164694e-01       1.146285432644e+03 
       1.761885952952e-01       1.120571973032e+03 
       1.793932780375e-01       1.097896655935e+03 
       1.825979644709e-01       1.076895591431e+03 
       1.858026543923e-01       1.056467594687e+03 
       1.890073476165e-01       1.035245767964e+03 
       1.922120439729e-01       1.012431182593e+03 
       1.954167433039e-01       9.875862633687e+02 
       1.986214454629e-01       9.606533865472e+02 
       2.018261503133e-01       9.319183971619e+02 
       2.050308577273e-01       9.019389150443e+02 
       2.082355675854e-01       8.714202916755e+02 
       2.114402797754e-01       8.411258811494e+02 
       2.146449941920e-01       8.117647342935e+02 
       2.178497107361e-01       7.839391257241e+02 
       2.210544293145e-01       7.581042435726e+02 
       2.242591498393e-01       7.345469290541e+02 
       2.274638722276e-01       7.133925691307e+02 
       2.306685964014e-01       6.946113204265e+02 
       2.338733222865e-01       6.780313597464e+02 
       2.370780498133e-01       6.633567944095e+02 
       2.402827789155e-01       6.501923805421e+02 
       2.434875095305e-01       6.381015908107e+02 
       2.466922415991e-01       6.266327042939e+02 
       2.498969750648e-01       6.153753762596e+02 
       2.531017098744e-01       6.039909044581e+02 
       2.563064459771e-01       5.922388504346e+02 
       2.595111833247e-01       5.799843771168e+02 
       2.627159218714e-01       5.671896858488e+02 
       2.659206615735e-01       5.539129986781e+02 
       2.691254023896e-01       5.402838884552e+02 
       2.723301442800e-01       5.264897926402e+02 
       2.755348872071e-01       5.127503930064e+02 
       2.787396311349e-01       4.992981750927e+02 
       2.819443760291e-01       4.863491838451e+02 
       2.851491218570e-01       4.740778894425e+02 
       2.883538685871e-01       4.626035676713e+02 
       2.915586161897e-01       4.519807518058e+02 
       2.947633646361e-01       4.422003081513e+02 
       2.979681138989e-01       4.332035460374e+02 
       3.011728639520e-01       4.248921615421e+02 
       3.043776147702e-01       4.171455012586e+02 
       3.075823663295e-01       4.098311129788e+02 
       3.107871186068e-01       4.028152437392e+02 
       3.139918715801e-01       3.959718319095e+02 
       3.171966252282e-01       3.891894875617e+02 
       3.204013795307e-01       3.823804915612e+02 
       3.236061344680e-01       3.754870437997e+02 
       3.268108900215e-01       3.684860682021e+02 
       3.300156461730e-01       3.613874482407e+02 
       3.332204029053e-01       3.542292831661e+02 
       3.364251602016e-01       3.470676960878e+02 
       3.396299180459e-01       3.399684989629e+02 
       3.428346764228e-01       3.329982413540e+02 
       3.460394353174e-01       3.262143243879e+02 
       3.492441947154e-01       3.196671788084e+02 
       3.524489546030e-01       3.133950367567e+02 
       3.556537149669e-01       3.074226628119e+02 
       3.588584757943e-01       3.017588008553e+02 
       3.620632370728e-01       2.963968877991e+02 
       3.652679987906e-01       2.913138015767e+02 
       3.684727609360e-01       2.864728124575e+02 
       3.716775234979e-01       2.818296246741e+02 
       3.748822864658e-01       2.773367817404e+02 
       3.780870498291e-01       2.729510752663e+02 
       3.812918135779e-01       2.686369186945e+02 
       3.844965777025e-01       2.643682417181e+02 
       3.877013421935e-01       2.601277354048e+02 
       3.909061070419e-01       2.559073232422e+02 
       3.941108722390e-01       2.517040853079e+02 
       3.973156377762e-01       2.475223585099e+02 
       4.005204036453e-01       2.433718647236e+02 
       4.037251698385e-01       2.392675999643e+02 
       4.069299363481e-01       2.352275274675e+02 
       4.101347031665e-01       2.312707621014e+02 
       4.133394702866e-01       2.274141252631e+02 
       4.165442377015e-01       2.236694493428e+02 
       4.197490054042e-01       2.200437154822e+02 
       4.229537733883e-01       2.165370135192e+02 
       4.261585416474e-01       2.131474869095e+02 
       4.293633101753e-01       2.098698620279e+02 
       4.325680789659e-01       2.066971883492e+02 
       4.357728480136e-01       2.036220826252e+02 
       4.389776173126e-01       2.006351333338e+02 
       4.421823868574e-01       1.977247835114e+02 
       4.453871566428e-01       1.948786965437e+02 
       4.485919266635e-01       1.920847952338e+02 
       4.517966969146e-01       1.893323469466e+02 
       4.550014673911e-01       1.866147390550e+02 
       4.582062380882e-01       1.839278733186e+02 
       4.614110090015e-01       1.812712503732e+02 
       4.646157801264e-01       1.786467787609e+02 
       4.678205514584e-01       1.760566852753e+02 
       4.710253229935e-01       1.735041329736e+02 
       4.742300947274e-01       1.709924526751e+02 
       4.774348666562e-01       1.685254558467e+02 
       4.806396387759e-01       1.661076140456e+02 
       4.838444110827e-01       1.637437121806e+02 
       4.870491835729e-01       1.614374755814e+02 
       4.902539562430e-01       1.591913419684e+02 
       4.934587290893e-01       1.570049910283e+02 
       4.966635021085e-01       1.548756975886e+02 
       4.998682752973e-01       1.527991646917e+02 
       5.030730486523e-01       1.507700877821e+02 
       5.062778221704e-01       1.487837219263e+02 
       5.094825958486e-01       1.468358035860e+02 
       5.126873696838e-01       1.449231377407e+02 
       5.158921436730e-01       1.430426641977e+02 
       5.190969178135e-01       1.411915509592e+02 
       5.223016921024e-01       1.393673053631e+02 
       5.255064665370e-01       1.375678133401e+02 
       5.287112411147e-01       1.357922002019e+02 
       5.319160158328e-01       1.340408824159e+02 
       5.351207906888e-01       1.323154313604e+02 
       5.383255656803e-01       1.306178844585e+02 
       5.415303408049e-01       1.289502476437e+02 
       5.447351160601e-01       1.273134834719e+02 
       5.479398914437e-01       1.257076930074e+02 
       5.511446669534e-01       1.241325088634e+02 
       5.543494425871e-01       1.225872172320e+02 
       5.575542183426e-01       1.210713273387e+02 
       5.607589942178e-01       1.195846785030e+02 
       5.639637702106e-01       1.181271157556e+02 
       5.671685463191e-01       1.166978729519e+02 
       5.703733225413e-01       1.152957485914e+02 
       5.735780988753e-01       1.139190453121e+02 
       5.767828753193e-01       1.125654433955e+02 
       5.799876518713e-01       1.112334462745e+02 
       5.831924285297e-01       1.099217958211e+02 
       5.863972052926e-01       1.086302068611e+02 
       5.896019821583e-01       1.073583459194e+02 
       5.928067591253e-01       1.061060470682e+02 
       5.960115361918e-01       1.048729318729e+02 
       5.992163133562e-01       1.036582944923e+02 
       6.024210906170e-01       1.024614568584e+02 
       6.056258679727e-01       1.012819621624e+02 
       6.088306454217e-01       1.001200967852e+02 
       6.120354229625e-01       9.897637461638e+01 
       6.152402005938e-01       9.785140120744e+01 
       6.184449783141e-01       9.674570486729e+01 
       6.216497561221e-01       9.565902092595e+01 
       6.248545340163e-01       9.459067705165e+01 
       6.280593119955e-01       9.353992180404e+01 
       6.312640900584e-01       9.250586685828e+01 
       6.344688682037e-01       9.148810519298e+01 
       6.376736464301e-01       9.048637216608e+01 
       6.408784247365e-01       8.950061216893e+01 
       6.440832031216e-01       8.853061314414e+01 
       6.472879815842e-01       8.757563160692e+01 
       6.504927601233e-01       8.663486210599e+01 
       6.536975387376e-01       8.570746301310e+01 
       6.569023174262e-01       8.479278955467e+01 
       6.601070961878e-01       8.389072064547e+01 
       6.633118750215e-01       8.300131208423e+01 
       6.665166539262e-01       8.212489390039e+01 
       6.697214329008e-01       8.126161051943e+01 
       6.729262119444e-01       8.041104669420e+01 
       6.761309910560e-01       7.957297043107e+01 
       6.793357702346e-01       7.874680522157e+01 
       6.825405494793e-01       7.793218098190e+01 
       6.857453287892e-01       7.712906052153e+01 
       6.889501081633e-01       7.633761045379e+01 
       6.921548876007e-01       7.555807283713e+01 
       6.953596671006e-01       7.479031933999e+01 
       6.985644466621e-01       7.403416952290e+01 
       7.017692262844e-01       7.328904719208e+01 
       7.049740059665e-01       7.255425334512e+01 
       7.081787857078e-01       7.182944442829e+01 
       7.113835655075e-01       7.111449570717e+01 
       7.145883453646e-01       7.040933010917e+01 
       7.177931252785e-01       6.971405820653e+01 
       7.209979052484e-01       6.902864923563e+01 
       7.242026852735e-01       6.835304535996e+01 
       7.274074653531e-01       6.768606022958e+01 
       7.306122454866e-01       6.702797900035e+01 
       7.338170256731e-01       6.637833985007e+01 
       7.370218059121e-01       6.573706883715e+01 
       7.402265862027e-01       6.510432325674e+01 
       7.434313665444e-01       6.448028962234e+01 
       7.466361469365e-01       6.386496243786e+01 
       7.498409273783e-01       6.325813963449e+01 
       8.187162480805e-01       5.195069599103e+01 
       9.180143341386e-01       4.008489051377e+01 
       1.075416213259e+00       2.787580593688e+01 
