# Matter power spectrum P(k) at redshift z=0.7
# for k=0.000105879 to 1.10569 h/Mpc,
# number of wavenumbers equal to 571
#    1:k (h/Mpc)              2:P (Mpc/h)^3        
       1.058792334390e-04       2.809815779768e+03 
       1.197545535066e-04       2.215847447886e+03 
       1.339191491370e-04       1.825803479750e+03 
       1.484139494260e-04       1.558936573781e+03 
       1.632825056830e-04       1.370632083720e+03 
       1.785713741600e-04       1.234777778563e+03 
       1.943305291961e-04       1.135348286506e+03 
       2.106138092838e-04       1.062112519625e+03 
       2.274793979029e-04       1.008319286537e+03 
       2.449903399708e-04       9.693893147399e+02 
       2.632150932663e-04       9.421455195626e+02 
       2.822281120539e-04       9.243438361337e+02 
       3.021104571719e-04       9.143783025429e+02 
       3.229504228087e-04       9.110905844815e+02 
       3.448441648412e-04       9.136439300755e+02 
       3.678963086671e-04       9.214379019457e+02 
       3.922205057250e-04       9.340494980754e+02 
       4.179398972116e-04       9.511916381727e+02 
       4.451874309721e-04       9.726832424255e+02 
       4.741059635667e-04       9.984270855531e+02 
       5.048480650849e-04       1.028392816791e+03 
       5.375754311161e-04       1.062603359277e+03 
       5.724577971078e-04       1.101123381349e+03 
       6.096712489506e-04       1.144048912379e+03 
       6.493958347617e-04       1.191497405962e+03 
       6.918124116753e-04       1.243597815593e+03 
       7.370987123811e-04       1.300480419704e+03 
       7.854246911034e-04       1.362266349882e+03 
       8.369473048219e-04       1.429057009927e+03 
       8.918049932130e-04       1.500923744324e+03 
       9.501122229667e-04       1.577898323240e+03 
       1.011954535993e-03       1.659964890499e+03 
       1.077384562902e-03       1.747054051469e+03 
       1.146419415893e-03       1.839039659415e+03 
       1.219039755788e-03       1.935738707866e+03 
       1.295190651625e-03       2.036914197995e+03 
       1.374784149669e-03       2.142275005044e+03 
       1.457703281559e-03       2.251489229177e+03 
       1.543807104387e-03       2.364212477193e+03 
       1.632936300383e-03       2.480068478837e+03 
       1.724918872992e-03       2.598670798496e+03 
       1.819575545277e-03       2.719632253070e+03 
       1.916724571573e-03       2.842572783270e+03 
       2.016185788847e-03       2.967125904743e+03 
       2.117783839901e-03       3.092943659288e+03 
       2.221350584165e-03       3.219699859821e+03 
       2.326726768889e-03       3.347092109334e+03 
       2.433763065768e-03       3.474842780657e+03 
       2.542320589993e-03       3.602699323514e+03 
       2.652271016523e-03       3.730433780448e+03 
       2.763496397404e-03       3.857841224045e+03 
       2.875888768677e-03       3.984739636558e+03 
       2.989349618988e-03       4.110966532984e+03 
       3.103789276311e-03       4.236379762589e+03 
       3.219126255359e-03       4.360852747780e+03 
       3.335286596638e-03       4.484275941500e+03 
       3.452203218773e-03       4.606553059173e+03 
       3.569815298456e-03       4.727600674391e+03 
       3.688067686885e-03       4.847346224002e+03 
       3.806910367514e-03       4.965727869602e+03 
       3.926297957074e-03       5.082691721638e+03 
       4.046189249798e-03       5.198191981253e+03 
       4.166546803483e-03       5.312191483993e+03 
       4.287336565202e-03       5.424655143255e+03 
       4.408527533966e-03       5.535558801268e+03 
       4.530091457450e-03       5.644878167472e+03 
       4.652002559834e-03       5.752596776103e+03 
       4.774237297861e-03       5.858700346344e+03 
       4.896774142376e-03       5.963179493833e+03 
       5.019593382749e-03       6.066026617875e+03 
       5.142676951830e-03       6.167237032763e+03 
       5.266008269248e-03       6.266809098263e+03 
       5.389572101087e-03       6.364743027366e+03 
       5.513354434176e-03       6.461040440914e+03 
       5.637342363396e-03       6.555706654436e+03 
       5.761523990575e-03       6.648745158554e+03 
       5.885888333722e-03       6.740169062680e+03 
       6.010425245445e-03       6.829975886914e+03 
       6.135125339579e-03       6.918178618667e+03 
       6.259979925114e-03       7.004789999627e+03 
       6.384980946638e-03       7.089816304671e+03 
       6.510120930604e-03       7.173267356959e+03 
       6.635392936788e-03       7.255157218485e+03 
       6.760790514390e-03       7.335496590712e+03 
       6.886307662299e-03       7.414297048266e+03 
       7.011938793074e-03       7.491573205229e+03 
       7.137678700272e-03       7.567335710841e+03 
       7.263522528756e-03       7.641597997944e+03 
       7.389465747716e-03       7.714375269712e+03 
       7.515504126091e-03       7.785680303984e+03 
       7.641633710184e-03       7.855525267974e+03 
       7.767850803234e-03       7.923931216884e+03 
       7.894151946766e-03       7.990907285055e+03 
       8.020533903539e-03       8.056467058209e+03 
       8.146993641938e-03       8.120627343658e+03 
       8.273528321691e-03       8.183401137222e+03 
       8.400135280756e-03       8.244804695780e+03 
       8.526812023298e-03       8.304851396395e+03 
       8.653556208642e-03       8.363556968937e+03 
       8.780365641115e-03       8.420933029103e+03 
       8.907238260696e-03       8.476996149074e+03 
       9.034172134409e-03       8.531756999601e+03 
       9.161165448388e-03       8.585234273488e+03 
       9.288216500549e-03       8.637440588856e+03 
       9.415323693838e-03       8.688385991949e+03 
       9.542485529979e-03       8.738090586689e+03 
       9.669700603700e-03       8.786566502847e+03 
       9.796967597387e-03       8.833822948826e+03 
       9.924285276141e-03       8.879874959787e+03 
       1.005165248318e-02       8.924738921483e+03 
       1.017906813562e-02       8.968427105256e+03 
       1.030653122048e-02       9.010952203791e+03 
       1.043404079106e-02       9.052326210111e+03 
       1.056159596355e-02       9.092564197826e+03 
       1.068919591383e-02       9.131679131640e+03 
       1.081683987459e-02       9.169683343747e+03 
       1.094452713255e-02       9.206584343832e+03 
       1.107225702594e-02       9.242402218420e+03 
       1.120002894216e-02       9.277146816494e+03 
       1.132784231556e-02       9.310828179919e+03 
       1.145569662537e-02       9.343460118199e+03 
       1.158359139385e-02       9.375057481597e+03 
       1.171152618446e-02       9.405627679985e+03 
       1.183950060027e-02       9.435185495273e+03 
       1.196751428235e-02       9.463742077585e+03 
       1.209556690838e-02       9.491310304512e+03 
       1.222365819131e-02       9.517900148749e+03 
       1.235178787812e-02       9.543524607936e+03 
       1.247995574865e-02       9.568193960695e+03 
       1.260816161455e-02       9.591921765979e+03 
       1.273640531825e-02       9.614719393920e+03 
       1.286468673205e-02       9.636598698242e+03 
       1.299300575728e-02       9.657568963573e+03 
       1.312136232346e-02       9.677642080738e+03 
       1.324975638759e-02       9.696831751915e+03 
       1.337818793344e-02       9.715145663018e+03 
       1.350665697094e-02       9.732595738309e+03 
       1.363516353562e-02       9.749189919191e+03 
       1.376370768800e-02       9.764944109759e+03 
       1.389228951319e-02       9.779864749436e+03 
       1.402090912035e-02       9.793960771928e+03 
       1.414956664237e-02       9.807250269206e+03 
       1.427826223542e-02       9.819735480009e+03 
       1.440699607867e-02       9.831428051853e+03 
       1.453576837395e-02       9.842342184995e+03 
       1.466457934549e-02       9.852482132058e+03 
       1.479342923971e-02       9.861861173611e+03 
       1.492231832496e-02       9.870489201802e+03 
       1.505124689138e-02       9.878376084997e+03 
       1.518021525074e-02       9.885530303881e+03 
       1.530922373629e-02       9.891962766759e+03 
       1.543827270270e-02       9.897687774206e+03 
       1.556736252594e-02       9.902708573266e+03 
       1.569649360324e-02       9.907035248666e+03 
       1.582566635309e-02       9.910679406937e+03 
       1.595488121517e-02       9.913642765040e+03 
       1.608413865043e-02       9.915943082512e+03 
       1.621343914106e-02       9.917581251937e+03 
       1.634278319062e-02       9.918572367805e+03 
       1.647217132401e-02       9.918919839472e+03 
       1.660160408768e-02       9.918636239581e+03 
       1.673108204964e-02       9.917731482091e+03 
       1.686060579966e-02       9.916211259840e+03 
       1.699017594938e-02       9.914088234252e+03 
       1.711979313249e-02       9.911365780129e+03 
       1.724945800493e-02       9.908057300058e+03 
       1.737917124506e-02       9.904163063816e+03 
       1.750893355390e-02       9.899704286361e+03 
       1.763874565538e-02       9.894679211198e+03 
       1.776860829657e-02       9.889096058649e+03 
       1.789852224795e-02       9.882968398808e+03 
       1.802848830372e-02       9.876302619610e+03 
       1.815850728210e-02       9.869099379864e+03 
       1.828858002565e-02       9.861378239857e+03 
       1.841870740160e-02       9.853144625087e+03 
       1.854889030222e-02       9.844391174429e+03 
       1.867912964518e-02       9.835143608765e+03 
       1.880942637399e-02       9.825403608596e+03 
       1.893978145834e-02       9.815173386358e+03 
       1.907019589456e-02       9.804483264208e+03 
       1.920067070609e-02       9.793303416163e+03 
       1.933120694390e-02       9.781669613410e+03 
       1.946180568700e-02       9.769579180934e+03 
       1.959246804295e-02       9.757038079462e+03 
       1.972319514833e-02       9.744060274936e+03 
       1.985398816933e-02       9.730645266793e+03 
       1.998484830230e-02       9.716798357332e+03 
       2.011577677430e-02       9.702548048934e+03 
       2.024677484373e-02       9.687871823732e+03 
       2.037784380095e-02       9.672793459135e+03 
       2.050898496889e-02       9.657324534365e+03 
       2.064019970373e-02       9.641456340489e+03 
       2.077148939562e-02       9.625205933707e+03 
       2.090285546931e-02       9.608578132332e+03 
       2.103429938496e-02       9.591582168281e+03 
       2.116582263885e-02       9.574213617428e+03 
       2.129742676417e-02       9.556489174678e+03 
       2.142911333183e-02       9.538421307008e+03 
       2.156088395129e-02       9.520011830811e+03 
       2.169274027139e-02       9.501242423894e+03 
       2.182468398128e-02       9.482160157769e+03 
       2.195671681131e-02       9.462739103298e+03 
       2.208884053395e-02       9.443027197646e+03 
       2.222105696480e-02       9.422975294643e+03 
       2.235336796356e-02       9.402628754798e+03 
       2.248577543509e-02       9.381979264144e+03 
       2.261828133044e-02       9.361033845548e+03 
       2.275088764800e-02       9.339813686436e+03 
       2.288359643457e-02       9.318285683671e+03 
       2.301640978658e-02       9.296502147339e+03 
       2.314932985129e-02       9.274438122667e+03 
       2.328235882801e-02       9.252125385887e+03 
       2.341549896939e-02       9.229549614467e+03 
       2.354875258277e-02       9.206702616275e+03 
       2.368212203154e-02       9.183623063753e+03 
       2.381560973650e-02       9.160310468222e+03 
       2.394921817740e-02       9.136752342058e+03 
       2.408294989438e-02       9.112959627426e+03 
       2.421680748953e-02       9.088940073464e+03 
       2.435079362851e-02       9.064694710430e+03 
       2.448491104221e-02       9.040259745508e+03 
       2.461916252840e-02       9.015600561730e+03 
       2.475355095358e-02       8.990733177688e+03 
       2.488807925472e-02       8.965673237592e+03 
       2.502275044120e-02       8.940417304666e+03 
       2.515756759671e-02       8.914971534682e+03 
       2.529253388128e-02       8.889346288950e+03 
       2.542765253337e-02       8.863531355599e+03 
       2.556292687198e-02       8.837562161195e+03 
       2.569836029889e-02       8.811388303427e+03 
       2.583395630096e-02       8.785068881791e+03 
       2.596971845248e-02       8.758589570802e+03 
       2.610565041766e-02       8.731936091305e+03 
       2.624175595314e-02       8.705161005444e+03 
       2.637803891062e-02       8.678225762244e+03 
       2.651450323958e-02       8.651141223387e+03 
       2.665115299014e-02       8.623931426599e+03 
       2.678799231592e-02       8.596569461699e+03 
       2.692502547707e-02       8.569094318139e+03 
       2.706225684344e-02       8.541474667619e+03 
       2.719969089779e-02       8.513752315147e+03 
       2.733733223916e-02       8.485919665787e+03 
       2.747518558637e-02       8.457948227298e+03 
       2.761325578161e-02       8.429879180335e+03 
       2.775154779422e-02       8.401672673356e+03 
       2.789006672454e-02       8.373407619971e+03 
       2.802881780801e-02       8.345030075317e+03 
       2.816780641931e-02       8.316559632258e+03 
       2.830703807672e-02       8.288002932488e+03 
       2.844651844669e-02       8.259325706571e+03 
       2.858625334847e-02       8.230625919599e+03 
       2.872624875905e-02       8.201823676336e+03 
       2.886651081819e-02       8.172909379587e+03 
       2.900704583375e-02       8.143974169661e+03 
       2.914786028713e-02       8.114898923852e+03 
       2.928896083903e-02       8.085802194155e+03 
       2.943035433538e-02       8.056642905810e+03 
       2.957204781350e-02       8.027397473453e+03 
       2.971404850862e-02       7.998142803430e+03 
       2.985636386054e-02       7.968783680426e+03 
       2.999900152067e-02       7.939412642792e+03 
       3.014196935931e-02       7.909958773645e+03 
       3.028527547330e-02       7.880474041644e+03 
       3.042892819393e-02       7.850946321383e+03 
       3.057293609525e-02       7.821379128630e+03 
       3.071730800275e-02       7.791757989716e+03 
       3.086205300238e-02       7.762110167485e+03 
       3.100718045001e-02       7.732443793768e+03 
       3.115269998131e-02       7.702737761304e+03 
       3.129862152211e-02       7.673009036745e+03 
       3.144495529917e-02       7.643242472670e+03 
       3.159171185150e-02       7.613464852640e+03 
       3.173890204224e-02       7.583657196411e+03 
       3.188653707103e-02       7.553802734136e+03 
       3.203462848701e-02       7.524009419920e+03 
       3.218318820249e-02       7.494138771537e+03 
       3.233222850719e-02       7.464278325850e+03 
       3.248176208331e-02       7.434400436984e+03 
       3.263180202119e-02       7.404513797782e+03 
       3.278236183593e-02       7.374629633405e+03 
       3.293345548473e-02       7.344740338644e+03 
       3.308509738519e-02       7.314824071608e+03 
       3.323730243447e-02       7.284915166368e+03 
       3.339008602959e-02       7.255013358364e+03 
       3.354346408869e-02       7.225112689839e+03 
       3.369745307346e-02       7.195180789710e+03 
       3.385207001281e-02       7.165293057906e+03 
       3.400733252782e-02       7.135410202664e+03 
       3.416325885800e-02       7.105502833833e+03 
       3.431986788917e-02       7.075629356210e+03 
       3.447717918274e-02       7.045749318342e+03 
       3.463521300680e-02       7.015896109925e+03 
       3.479399036890e-02       6.986047648810e+03 
       3.495353305086e-02       6.956181633109e+03 
       3.511386364548e-02       6.926367034244e+03 
       3.527500559562e-02       6.896540753663e+03 
       3.543698323551e-02       6.866743775031e+03 
       3.559982183465e-02       6.836953720450e+03 
       3.576354764441e-02       6.807199702685e+03 
       3.592818794756e-02       6.777408984740e+03 
       3.609377111094e-02       6.747665121311e+03 
       3.626032664152e-02       6.717941268573e+03 
       3.642788524609e-02       6.688208071193e+03 
       3.659647889490e-02       6.658520224913e+03 
       3.676614088955e-02       6.628821833055e+03 
       3.693690593547e-02       6.599160419026e+03 
       3.710881021933e-02       6.569505977477e+03 
       3.728189149189e-02       6.539877212111e+03 
       3.745618915664e-02       6.510260557470e+03 
       3.763174436476e-02       6.480660875608e+03 
       3.780860011696e-02       6.451069106919e+03 
       3.798680137278e-02       6.421487642422e+03 
       3.816639516807e-02       6.391924929874e+03 
       3.834743074125e-02       6.362374586759e+03 
       3.852995966931e-02       6.332807522978e+03 
       3.871403601433e-02       6.303292897239e+03 
       3.889971648163e-02       6.273768660146e+03 
       3.908706059048e-02       6.244262164131e+03 
       3.927613085881e-02       6.214767805498e+03 
       3.946699300303e-02       6.185245248969e+03 
       3.965971615481e-02       6.155753045444e+03 
       3.985437309615e-02       6.126260470730e+03 
       4.005104051495e-02       6.096763906616e+03 
       4.024979928304e-02       6.067276605057e+03 
       4.045073475918e-02       6.037760565169e+03 
       4.065393711954e-02       6.008271479449e+03 
       4.085950171899e-02       5.978742605641e+03 
       4.106752948637e-02       5.949214676751e+03 
       4.127812735774e-02       5.919672840057e+03 
       4.149140875202e-02       5.890105453549e+03 
       4.170749409403e-02       5.860526453914e+03 
       4.192651139058e-02       5.830921450250e+03 
       4.214859686618e-02       5.801288233785e+03 
       4.237389566580e-02       5.771604943133e+03 
       4.260256263320e-02       5.741914578138e+03 
       4.283476317468e-02       5.712158081758e+03 
       4.307067421959e-02       5.682369935502e+03 
       4.331048529064e-02       5.652525347764e+03 
       4.355439969915e-02       5.622610692181e+03 
       4.380263588298e-02       5.592641367655e+03 
       4.405542890759e-02       5.562591321977e+03 
       4.431303215420e-02       5.532493549034e+03 
       4.457571922340e-02       5.502285433071e+03 
       4.484378608705e-02       5.471992662071e+03 
       4.511755352791e-02       5.441589855820e+03 
       4.539736991312e-02       5.411068595766e+03 
       4.568361435661e-02       5.380440777261e+03 
       4.597670033628e-02       5.349670743522e+03 
       4.627707984452e-02       5.318772113841e+03 
       4.658524816678e-02       5.287694507382e+03 
       4.690174940235e-02       5.256444838629e+03 
       4.722718286577e-02       5.225007016493e+03 
       4.756221053750e-02       5.193360876365e+03 
       4.790756576966e-02       5.161490660359e+03 
       4.826406349984e-02       5.129363956045e+03 
       4.863261228470e-02       5.096974309327e+03 
       4.901422853962e-02       5.064283946779e+03 
       4.941005346447e-02       5.031270962162e+03 
       4.982137325538e-02       4.997895652775e+03 
       5.024964335423e-02       4.964112168964e+03 
       5.069651768156e-02       4.929884156673e+03 
       5.116388404565e-02       4.895171382953e+03 
       5.165390723468e-02       4.859884792542e+03 
       5.216908169612e-02       4.823996197368e+03 
       5.271229620474e-02       4.787396171832e+03 
       5.328691352970e-02       4.749990247735e+03 
       5.389686883388e-02       4.711653161692e+03 
       5.454679133963e-02       4.672268761451e+03 
       5.524215456756e-02       4.631607723654e+03 
       5.598946093249e-02       4.589491190301e+03 
       5.679646608188e-02       4.545617431208e+03 
       5.767244589618e-02       4.499586168106e+03 
       5.862850222166e-02       4.450932982289e+03 
       5.967788792466e-02       4.399014808033e+03 
       6.083630054615e-02       4.342947673820e+03 
       6.212203617810e-02       4.281595130738e+03 
       6.355580054449e-02       4.213411268040e+03 
       6.515984620772e-02       4.136409501396e+03 
       6.695599880678e-02       4.048106097579e+03 
       6.896221943757e-02       3.945654824582e+03 
       7.118791187493e-02       3.826283638865e+03 
       7.362935651146e-02       3.688009139055e+03 
       7.626777328148e-02       3.530676054360e+03 
       7.907201319020e-02       3.356673559142e+03 
       8.200515938186e-02       3.171004889222e+03 
       8.503170598485e-02       2.980564557700e+03 
       8.812222248052e-02       2.792846735233e+03 
       9.125477225927e-02       2.614796811628e+03 
       9.441416166668e-02       2.451913342661e+03 
       9.759036939341e-02       2.307823038317e+03 
       1.007769910497e-01       2.184201833045e+03 
       1.039700144508e-01       2.080909123550e+03 
       1.071669569268e-01       1.996335259282e+03 
       1.103662937952e-01       1.927755854183e+03 
       1.135670929271e-01       1.871701228304e+03 
       1.167687859401e-01       1.824303707268e+03 
       1.199710267233e-01       1.781693845303e+03 
       1.231736046175e-01       1.740290775871e+03 
       1.263763913775e-01       1.697148751262e+03 
       1.295793088603e-01       1.650151719814e+03 
       1.327823093708e-01       1.598189231728e+03 
       1.359853637185e-01       1.541137027522e+03 
       1.391884539639e-01       1.479770165297e+03 
       1.423915690133e-01       1.415532622210e+03 
       1.455947019440e-01       1.350285509374e+03 
       1.487978483793e-01       1.286022784880e+03 
       1.520010055015e-01       1.224622230102e+03 
       1.552041714514e-01       1.167648514801e+03 
       1.584073449634e-01       1.116231232444e+03 
       1.616105251420e-01       1.070996933277e+03 
       1.648137113260e-01       1.032077153907e+03 
       1.680169030053e-01       9.991457114845e+02 
       1.712200997692e-01       9.715065483734e+02 
       1.744233012744e-01       9.481827517346e+02 
       1.776265072252e-01       9.280318236289e+02 
       1.808297173611e-01       9.098557375798e+02 
       1.840329314479e-01       8.926723188547e+02 
       1.872361492729e-01       8.753828305673e+02 
       1.904393706408e-01       8.570784370668e+02 
       1.936425953713e-01       8.372276413720e+02 
       1.968458232971e-01       8.156179760007e+02 
       2.000490542623e-01       7.923426431785e+02 
       2.032522881215e-01       7.677552502561e+02 
       2.064555247384e-01       7.423933517861e+02 
       2.096587639855e-01       7.168801158488e+02 
       2.128620057430e-01       6.918438493736e+02 
       2.160652498983e-01       6.678377482431e+02 
       2.192684963455e-01       6.453138837558e+02 
       2.224717449848e-01       6.245844119239e+02 
       2.256749957223e-01       6.058261085473e+02 
       2.288782484693e-01       5.890818774925e+02 
       2.320815031418e-01       5.742698614212e+02 
       2.352847596609e-01       5.611924669980e+02 
       2.384880179515e-01       5.495607315414e+02 
       2.416912779428e-01       5.390246609287e+02 
       2.448945395675e-01       5.292058197950e+02 
       2.480978027621e-01       5.197393797505e+02 
       2.513010674661e-01       5.103066345333e+02 
       2.545043336221e-01       5.006623612442e+02 
       2.577076011757e-01       4.906453175848e+02 
       2.609108700751e-01       4.801825512645e+02 
       2.641141402710e-01       4.692827176451e+02 
       2.673174117166e-01       4.580234085269e+02 
       2.705206843672e-01       4.465366160123e+02 
       2.737239581802e-01       4.349956766102e+02 
       2.769272331150e-01       4.235937639572e+02 
       2.801305091330e-01       4.125194062986e+02 
       2.833337861973e-01       4.019386980734e+02 
       2.865370642725e-01       3.919792427000e+02 
       2.897403433249e-01       3.827151794147e+02 
       2.929436233223e-01       3.741654541799e+02 
       2.961469042338e-01       3.663022543743e+02 
       2.993501860300e-01       3.590602443145e+02 
       3.025534686827e-01       3.523455611319e+02 
       3.057567521647e-01       3.460509432873e+02 
       3.089600364501e-01       3.400662771496e+02 
       3.121633215141e-01       3.342799906845e+02 
       3.153666073328e-01       3.285912995674e+02 
       3.185698938833e-01       3.229165640727e+02 
       3.217731811438e-01       3.171929900022e+02 
       3.249764690930e-01       3.113858341392e+02 
       3.281797577107e-01       3.054888185743e+02 
       3.313830469775e-01       2.995226108118e+02 
       3.345863368746e-01       2.935270455471e+02 
       3.377896273840e-01       2.875541145642e+02 
       3.409929184883e-01       2.816593707489e+02 
       3.441962101709e-01       2.758959217387e+02 
       3.473995024157e-01       2.703093571759e+02 
       3.506027952072e-01       2.649374241668e+02 
       3.538060885305e-01       2.598070127503e+02 
       3.570093823713e-01       2.549324195685e+02 
       3.602126767156e-01       2.503155107898e+02 
       3.634159715500e-01       2.459433263361e+02 
       3.666192668618e-01       2.417916840315e+02 
       3.698225626384e-01       2.378251692760e+02 
       3.730258588678e-01       2.340058169434e+02 
       3.762291555383e-01       2.302949475243e+02 
       3.794324526389e-01       2.266581076560e+02 
       3.826357501585e-01       2.230695944608e+02 
       3.858390480868e-01       2.195121164930e+02 
       3.890423464136e-01       2.159736092730e+02 
       3.922456451291e-01       2.124497319936e+02 
       3.954489442238e-01       2.089414147647e+02 
       3.986522436885e-01       2.054541026474e+02 
       4.018555435144e-01       2.019984307860e+02 
       4.050588436929e-01       1.985881351682e+02 
       4.082621442155e-01       1.952394357331e+02 
       4.114654450744e-01       1.919670982166e+02 
       4.146687462615e-01       1.887838604034e+02 
       4.178720477694e-01       1.856973868865e+02 
       4.210753495907e-01       1.827108542982e+02 
       4.242786517183e-01       1.798242635890e+02 
       4.274819541452e-01       1.770334264000e+02 
       4.306852568648e-01       1.743339600888e+02 
       4.338885598706e-01       1.717194362172e+02 
       4.370918631562e-01       1.691828901807e+02 
       4.402951667155e-01       1.667156313148e+02 
       4.434984705426e-01       1.643076456313e+02 
       4.467017746316e-01       1.619487331995e+02 
       4.499050789771e-01       1.596288973702e+02 
       4.531083835734e-01       1.573408590856e+02 
       4.563116884153e-01       1.550797625130e+02 
       4.595149934977e-01       1.528437881825e+02 
       4.627182988155e-01       1.506338091724e+02 
       4.659216043639e-01       1.484513633947e+02 
       4.691249101381e-01       1.462990218256e+02 
       4.723282161335e-01       1.441791991127e+02 
       4.755315223457e-01       1.420950865234e+02 
       4.787348287702e-01       1.400501579044e+02 
       4.819381354029e-01       1.380480643067e+02 
       4.851414422395e-01       1.360927830365e+02 
       4.883447492761e-01       1.341868493226e+02 
       4.915480565087e-01       1.323313865360e+02 
       4.947513639335e-01       1.305251674083e+02 
       4.979546715468e-01       1.287651178053e+02 
       5.011579793450e-01       1.270471203391e+02 
       5.043612873245e-01       1.253670255587e+02 
       5.075645954819e-01       1.237208472932e+02 
       5.107679038138e-01       1.221055319737e+02 
       5.139712123170e-01       1.205184185792e+02 
       5.171745209883e-01       1.189571229549e+02 
       5.203778298245e-01       1.174193176931e+02 
       5.235811388226e-01       1.159031765920e+02 
       5.267844479797e-01       1.144070486424e+02 
       5.299877572928e-01       1.129310531899e+02 
       5.331910667592e-01       1.114757949679e+02 
       5.363943763760e-01       1.100429906044e+02 
       5.395976861407e-01       1.086343887151e+02 
       5.428009960505e-01       1.072511713509e+02 
       5.460043061030e-01       1.058939548402e+02 
       5.492076162955e-01       1.045626849984e+02 
       5.524109266258e-01       1.032566224857e+02 
       5.556142370913e-01       1.019753923513e+02 
       5.588175476897e-01       1.007186906534e+02 
       5.620208584188e-01       9.948640589617e+01 
       5.652241692763e-01       9.827821871142e+01 
       5.684274802601e-01       9.709322094243e+01 
       5.716307913681e-01       9.593039352812e+01 
       5.748341025981e-01       9.478789781009e+01 
       5.780374139481e-01       9.366416450998e+01 
       5.812407254161e-01       9.255793668641e+01 
       5.844440370002e-01       9.146853278074e+01 
       5.876473486985e-01       9.039559504110e+01 
       5.908506605090e-01       8.933921744434e+01 
       5.940539724301e-01       8.829909477089e+01 
       5.972572844599e-01       8.727474536613e+01 
       6.004605965967e-01       8.626556997724e+01 
       6.036639088387e-01       8.527095545619e+01 
       6.068672211843e-01       8.429110068256e+01 
       6.100705336318e-01       8.332612112637e+01 
       6.132738461797e-01       8.237617725167e+01 
       6.164771588264e-01       8.144253152729e+01 
       6.196804715703e-01       8.052485523747e+01 
       6.228837844100e-01       7.962332582195e+01 
       6.260870973439e-01       7.873646700484e+01 
       6.292904103707e-01       7.786399139197e+01 
       6.324937234888e-01       7.700529021339e+01 
       6.356970366970e-01       7.616010052984e+01 
       6.389003499939e-01       7.532829510892e+01 
       6.421036633781e-01       7.450977750016e+01 
       6.453069768483e-01       7.370412788962e+01 
       6.485102904033e-01       7.291083517710e+01 
       6.517136040418e-01       7.212910093891e+01 
       6.549169177625e-01       7.135819879213e+01 
       6.581202315644e-01       7.059790817314e+01 
       6.613235454461e-01       6.984811036112e+01 
       7.044323663174e-01       6.075826876665e+01 
       7.584521277956e-01       5.155380078839e+01 
       8.307069725934e-01       4.203218257460e+01 
       9.364159250653e-01       3.202947512560e+01 
       1.105693310559e+00       2.185422988530e+01 
