# Matter power spectrum P(k) at redshift z=0.7
# for k=0.000298347 to 1.00644 h/Mpc,
# number of wavenumbers equal to 622
#    1:k (h/Mpc)              2:P (Mpc/h)^3        
       2.983469320007e-04       2.666255977991e+02 
       3.190009971431e-04       3.288074158840e+02 
       3.406902541248e-04       3.937934394678e+02 
       3.635176962462e-04       4.613977159990e+02 
       3.875952434251e-04       5.315699520577e+02 
       4.130442267451e-04       6.043634664676e+02 
       4.399957372812e-04       6.799047410624e+02 
       4.685907738958e-04       7.583788272559e+02 
       4.989801102548e-04       8.400127092024e+02 
       5.313237877426e-04       9.250690689948e+02 
       5.657901307881e-04       1.013830632856e+03 
       6.025541779341e-04       1.106597427782e+03 
       6.417954303958e-04       1.203676071103e+03 
       6.836948450029e-04       1.305368779039e+03 
       7.284310449784e-04       1.411964663076e+03 
       7.761757924986e-04       1.523727148514e+03 
       8.270888596183e-04       1.640883839659e+03 
       8.813125407041e-04       1.763615738891e+03 
       9.389661542909e-04       1.892042844788e+03 
       1.000140963242e-03       2.026217307794e+03 
       1.064895975256e-03       2.166115129087e+03 
       1.133255052156e-03       2.311632816941e+03 
       1.205205649907e-03       2.462586918427e+03 
       1.280699343680e-03       2.618718190746e+03 
       1.359654092565e-03       2.779696708050e+03 
       1.441958005799e-03       2.945124713768e+03 
       1.527474223942e-03       3.114585218208e+03 
       1.616046449148e-03       3.287616983613e+03 
       1.707504654607e-03       3.463741527337e+03 
       1.801670562770e-03       3.642475684848e+03 
       1.898362582230e-03       3.823342597059e+03 
       1.997400008423e-03       4.005880440127e+03 
       2.098606401956e-03       4.189649247995e+03 
       2.201812146661e-03       4.374235714472e+03 
       2.306856251484e-03       4.559256206940e+03 
       2.413587496873e-03       4.744358460473e+03 
       2.521865041665e-03       4.929222154582e+03 
       2.631558606450e-03       5.113558204529e+03 
       2.742548339689e-03       5.297107615964e+03 
       2.854724458158e-03       5.479640933505e+03 
       2.967986736845e-03       5.660953389065e+03 
       3.082243907537e-03       5.840865314577e+03 
       3.197413011068e-03       6.019220002545e+03 
       3.313418736200e-03       6.195879765764e+03 
       3.430192768311e-03       6.370725946420e+03 
       3.547673163491e-03       6.543655168359e+03 
       3.665803757787e-03       6.714579159080e+03 
       3.784533617108e-03       6.883422025877e+03 
       3.903816530179e-03       7.050120599278e+03 
       4.023610544834e-03       7.214618844819e+03 
       4.143877546464e-03       7.376873316719e+03 
       4.264582876550e-03       7.536844600554e+03 
       4.385694988683e-03       7.694505722232e+03 
       4.507185139176e-03       7.849832156473e+03 
       4.629027109339e-03       8.002807708942e+03 
       4.751196956505e-03       8.153418123491e+03 
       4.873672791023e-03       8.301655867226e+03 
       4.996434576609e-03       8.447516947702e+03 
       5.119463951649e-03       8.590999970565e+03 
       5.242744069233e-03       8.732106203746e+03 
       5.366259453927e-03       8.870840754846e+03 
       5.489995873459e-03       9.007210800370e+03 
       5.613940223716e-03       9.141232360896e+03 
       5.738080425581e-03       9.272905417788e+03 
       5.862405332326e-03       9.402245901315e+03 
       5.986904646400e-03       9.529269859163e+03 
       6.111568844594e-03       9.653990120402e+03 
       6.236389110674e-03       9.776423648868e+03 
       6.361357274662e-03       9.896586198087e+03 
       6.486465758067e-03       1.001448978680e+04 
       6.611707524414e-03       1.013016151015e+04 
       6.737076034526e-03       1.024361288031e+04 
       6.862565206040e-03       1.035486396997e+04 
       6.988169376728e-03       1.046393754488e+04 
       7.113883271222e-03       1.057085227184e+04 
       7.239701970801e-03       1.067562533187e+04 
       7.365620885914e-03       1.077828125063e+04 
       7.491635731184e-03       1.087883842029e+04 
       7.617742502623e-03       1.097732098672e+04 
       7.743937456858e-03       1.107374485511e+04 
       7.870217092161e-03       1.116814073726e+04 
       7.996578131110e-03       1.126052327024e+04 
       8.123017504725e-03       1.135091375739e+04 
       8.249532337943e-03       1.143933497827e+04 
       8.376119936299e-03       1.152580844466e+04 
       8.502777773706e-03       1.161035606442e+04 
       8.629503481233e-03       1.169299831526e+04 
       8.756294836783e-03       1.177375288287e+04 
       8.883149755605e-03       1.185264639918e+04 
       9.010066281550e-03       1.192969177727e+04 
       9.137042579011e-03       1.200491662122e+04 
       9.264076925494e-03       1.207833863647e+04 
       9.391167704754e-03       1.214997539577e+04 
       9.518313400457e-03       1.221985298619e+04 
       9.645512590321e-03       1.228798577370e+04 
       9.772763940690e-03       1.235439474797e+04 
       9.900066201518e-03       1.241910130229e+04 
       1.002741820172e-02       1.248212696641e+04 
       1.015481884484e-02       1.254348458993e+04 
       1.028226710510e-02       1.260319997869e+04 
       1.040976202364e-02       1.266128368302e+04 
       1.053730270508e-02       1.271776300038e+04 
       1.066488831435e-02       1.277265425130e+04 
       1.079251807369e-02       1.282597419737e+04 
       1.092019125988e-02       1.287774117837e+04 
       1.104790720167e-02       1.292797865321e+04 
       1.117566527740e-02       1.297669485279e+04 
       1.130346491277e-02       1.302391515084e+04 
       1.143130557874e-02       1.306966082074e+04 
       1.155918678963e-02       1.311393750369e+04 
       1.168710810129e-02       1.315677103658e+04 
       1.181506910947e-02       1.319817975339e+04 
       1.194306944821e-02       1.323817825600e+04 
       1.207110878843e-02       1.327678533934e+04 
       1.219918683654e-02       1.331401573787e+04 
       1.232730333322e-02       1.334988596052e+04 
       1.245545805223e-02       1.338442192795e+04 
       1.258365079930e-02       1.341762424932e+04 
       1.271188141115e-02       1.344953242266e+04 
       1.284014975455e-02       1.348013788966e+04 
       1.296845572542e-02       1.350947202752e+04 
       1.309679924803e-02       1.353754153852e+04 
       1.322518027427e-02       1.356437144917e+04 
       1.335359878293e-02       1.358997495077e+04 
       1.348205477908e-02       1.361436106101e+04 
       1.361054829343e-02       1.363754759408e+04 
       1.373907938188e-02       1.365955141569e+04 
       1.386764812492e-02       1.368038516146e+04 
       1.399625462724e-02       1.370006831999e+04 
       1.412489901726e-02       1.371861078123e+04 
       1.425358144682e-02       1.373602744836e+04 
       1.438230209077e-02       1.375232588852e+04 
       1.451106114669e-02       1.376753782952e+04 
       1.463985883462e-02       1.378166696207e+04 
       1.476869539681e-02       1.379472257571e+04 
       1.489757109750e-02       1.380672973158e+04 
       1.502648622274e-02       1.381769614944e+04 
       1.515544108022e-02       1.382763786244e+04 
       1.528443599916e-02       1.383656620068e+04 
       1.541347133020e-02       1.384449786404e+04 
       1.554254744529e-02       1.385143789763e+04 
       1.567166473767e-02       1.385740182640e+04 
       1.580082362180e-02       1.386240441921e+04 
       1.593002453339e-02       1.386645488983e+04 
       1.605926792935e-02       1.386957251324e+04 
       1.618855428790e-02       1.387175993966e+04 
       1.631788410853e-02       1.387303822463e+04 
       1.644725791212e-02       1.387342039461e+04 
       1.657667624105e-02       1.387291051368e+04 
       1.670613965925e-02       1.387153414420e+04 
       1.683564875238e-02       1.386928572821e+04 
       1.696520412793e-02       1.386619658848e+04 
       1.709480641543e-02       1.386226948616e+04 
       1.722445626659e-02       1.385750609690e+04 
       1.735415435554e-02       1.385193799845e+04 
       1.748390137901e-02       1.384556176261e+04 
       1.761369805657e-02       1.383840168397e+04 
       1.774354513091e-02       1.383045381824e+04 
       1.787344336807e-02       1.382173793393e+04 
       1.800339355776e-02       1.381227128056e+04 
       1.813339651364e-02       1.380205104932e+04 
       1.826345307364e-02       1.379110453822e+04 
       1.839356410032e-02       1.377943545477e+04 
       1.852373048119e-02       1.376704111324e+04 
       1.865395312910e-02       1.375394500055e+04 
       1.878423298264e-02       1.374017285697e+04 
       1.891457100654e-02       1.372571303811e+04 
       1.904496819207e-02       1.371058240017e+04 
       1.917542555751e-02       1.369480146391e+04 
       1.930594414860e-02       1.367836845022e+04 
       1.943652503902e-02       1.366129312736e+04 
       1.956716933090e-02       1.364359163212e+04 
       1.969787815530e-02       1.362528082179e+04 
       1.982865267280e-02       1.360635446893e+04 
       1.995949407398e-02       1.358684253229e+04 
       2.009040358009e-02       1.356673521298e+04 
       2.022138244355e-02       1.354606282793e+04 
       2.035243194864e-02       1.352483561091e+04 
       2.048355341209e-02       1.350302423797e+04 
       2.061474818377e-02       1.348067123844e+04 
       2.074601764734e-02       1.345780022569e+04 
       2.087736322098e-02       1.343438478485e+04 
       2.100878635812e-02       1.341047151052e+04 
       2.114028854814e-02       1.338603383389e+04 
       2.127187131722e-02       1.336110053006e+04 
       2.140353622909e-02       1.333570449413e+04 
       2.153528488585e-02       1.330980234357e+04 
       2.166711892886e-02       1.328343090010e+04 
       2.179904003960e-02       1.325659610603e+04 
       2.193104994055e-02       1.322931720431e+04 
       2.206315039618e-02       1.320160352769e+04 
       2.219534321386e-02       1.317343718385e+04 
       2.232763024490e-02       1.314487201145e+04 
       2.246001338555e-02       1.311584433571e+04 
       2.259249457807e-02       1.308643409372e+04 
       2.272507581182e-02       1.305663437726e+04 
       2.285775912439e-02       1.302643006557e+04 
       2.299054660276e-02       1.299584536721e+04 
       2.312344038448e-02       1.296486607576e+04 
       2.325644265896e-02       1.293353917401e+04 
       2.338955566868e-02       1.290185530790e+04 
       2.352278171058e-02       1.286977293070e+04 
       2.365612313734e-02       1.283740225305e+04 
       2.378958235883e-02       1.280467300214e+04 
       2.392316184357e-02       1.277161070995e+04 
       2.405686412019e-02       1.273822527666e+04 
       2.419069177896e-02       1.270452413114e+04 
       2.432464747345e-02       1.267052170277e+04 
       2.445873392209e-02       1.263620582810e+04 
       2.459295390993e-02       1.260163444443e+04 
       2.472731029035e-02       1.256674365500e+04 
       2.486180598688e-02       1.253159262806e+04 
       2.499644399512e-02       1.249615969822e+04 
       2.513122738457e-02       1.246047242283e+04 
       2.526615930073e-02       1.242452201254e+04 
       2.540124296709e-02       1.238831087179e+04 
       2.553648168729e-02       1.235186197238e+04 
       2.567187884735e-02       1.231517681979e+04 
       2.580743791790e-02       1.227827731291e+04 
       2.594316245655e-02       1.224111810566e+04 
       2.607905611038e-02       1.220378291883e+04 
       2.621512261838e-02       1.216620573853e+04 
       2.635136581415e-02       1.212841781937e+04 
       2.648778962851e-02       1.209046336342e+04 
       2.662439809239e-02       1.205229417623e+04 
       2.676119533967e-02       1.201394176248e+04 
       2.689818561018e-02       1.197541939330e+04 
       2.703537325286e-02       1.193672335219e+04 
       2.717276272893e-02       1.189783319179e+04 
       2.731035861524e-02       1.185880086467e+04 
       2.744816560778e-02       1.181961526392e+04 
       2.758618852519e-02       1.178024560981e+04 
       2.772443231256e-02       1.174075675096e+04 
       2.786290204524e-02       1.170112135145e+04 
       2.800160293291e-02       1.166135020164e+04 
       2.814054032366e-02       1.162144247584e+04 
       2.827971970841e-02       1.158141198659e+04 
       2.841914672530e-02       1.154126266351e+04 
       2.855882716444e-02       1.150101258334e+04 
       2.869876697273e-02       1.146065472612e+04 
       2.883897225886e-02       1.142017311350e+04 
       2.897944929860e-02       1.137956650241e+04 
       2.912020454026e-02       1.133888775781e+04 
       2.926124461031e-02       1.129812516725e+04 
       2.940257631930e-02       1.125726829224e+04 
       2.954420666806e-02       1.121632785369e+04 
       2.968614285402e-02       1.117530787911e+04 
       2.982839227793e-02       1.113419645108e+04 
       2.997096255082e-02       1.109304187241e+04 
       3.011386150118e-02       1.105179479179e+04 
       3.025709718262e-02       1.101052409473e+04 
       3.040067788164e-02       1.096916180636e+04 
       3.054461212596e-02       1.092772420389e+04 
       3.068890869305e-02       1.088624785773e+04 
       3.083357661911e-02       1.084473518688e+04 
       3.097862520846e-02       1.080317056815e+04 
       3.112406404335e-02       1.076159013605e+04 
       3.126990299418e-02       1.071995760576e+04 
       3.141615223021e-02       1.067827983221e+04 
       3.156282223082e-02       1.063657185895e+04 
       3.170992379721e-02       1.059483839125e+04 
       3.185746806473e-02       1.055306829044e+04 
       3.200546651575e-02       1.051127491810e+04 
       3.215393099316e-02       1.046947874063e+04 
       3.230287371458e-02       1.042767910175e+04 
       3.245230728717e-02       1.038585547265e+04 
       3.260224472327e-02       1.034398849134e+04 
       3.275269945678e-02       1.030211514920e+04 
       3.290368536039e-02       1.026027767407e+04 
       3.305521676364e-02       1.021841565408e+04 
       3.320730847203e-02       1.017653609437e+04 
       3.335997578697e-02       1.013470014274e+04 
       3.351323452693e-02       1.009282465171e+04 
       3.366710104963e-02       1.005095527236e+04 
       3.382159227549e-02       1.000912136343e+04 
       3.397672571227e-02       9.967253823434e+03 
       3.413251948116e-02       9.925423949200e+03 
       3.428899234430e-02       9.883579445977e+03 
       3.444616373379e-02       9.841765187773e+03 
       3.460405378245e-02       9.799976378809e+03 
       3.476268335628e-02       9.758198856951e+03 
       3.492207408883e-02       9.716431687209e+03 
       3.508224841761e-02       9.674665691468e+03 
       3.524322962269e-02       9.632952891956e+03 
       3.540504186753e-02       9.591234503244e+03 
       3.556771024246e-02       9.549544800014e+03 
       3.573126081071e-02       9.507879056709e+03 
       3.589572065738e-02       9.466240796985e+03 
       3.606111794152e-02       9.424589732441e+03 
       3.622748195153e-02       9.383008756805e+03 
       3.639484316412e-02       9.341411027524e+03 
       3.656323330724e-02       9.299855414600e+03 
       3.673268542710e-02       9.258311756398e+03 
       3.690323395980e-02       9.216827724803e+03 
       3.707491480774e-02       9.175333914027e+03 
       3.724776542149e-02       9.133874067210e+03 
       3.742182488723e-02       9.092437677549e+03 
       3.759713402052e-02       9.051002905704e+03 
       3.777373546683e-02       9.009618487454e+03 
       3.795167380937e-02       8.968236178210e+03 
       3.813099568497e-02       8.926876306816e+03 
       3.831174990868e-02       8.885529589541e+03 
       3.849398760782e-02       8.844202419205e+03 
       3.867776236655e-02       8.802901295249e+03 
       3.886313038164e-02       8.761607302399e+03 
       3.905015063084e-02       8.720336241499e+03 
       3.923888505483e-02       8.679060231155e+03 
       3.942939875409e-02       8.637795162314e+03 
       3.962176020241e-02       8.596536759200e+03 
       3.981604147837e-02       8.555308114087e+03 
       4.001231851693e-02       8.514059220940e+03 
       4.021067138310e-02       8.472804665963e+03 
       4.041118457001e-02       8.431533761846e+03 
       4.061394732410e-02       8.390282362335e+03 
       4.081905400037e-02       8.349031108957e+03 
       4.102660445096e-02       8.307719145779e+03 
       4.123670445106e-02       8.266421858467e+03 
       4.144946616619e-02       8.225073449500e+03 
       4.166500866597e-02       8.183722621335e+03 
       4.188345848984e-02       8.142335681395e+03 
       4.210495027105e-02       8.100892242526e+03 
       4.232962742629e-02       8.059415356632e+03 
       4.255764291912e-02       8.017909978457e+03 
       4.278916010702e-02       7.976314769905e+03 
       4.302435368275e-02       7.934665961805e+03 
       4.326341072311e-02       7.892972061663e+03 
       4.350653185954e-02       7.851157875090e+03 
       4.375393258789e-02       7.809293977070e+03 
       4.400584473725e-02       7.767308312472e+03 
       4.426251812112e-02       7.725225732140e+03 
       4.452422239834e-02       7.683023477641e+03 
       4.479124917583e-02       7.640692192751e+03 
       4.506391439108e-02       7.598230792632e+03 
       4.534256101932e-02       7.555590193360e+03 
       4.562756215854e-02       7.512788509895e+03 
       4.591932455608e-02       7.469835653612e+03 
       4.621829265280e-02       7.426647696638e+03 
       4.652495323612e-02       7.383243915688e+03 
       4.683984081236e-02       7.339602707327e+03 
       4.716354383169e-02       7.295732412668e+03 
       4.749671192823e-02       7.251528290335e+03 
       4.784006437350e-02       7.207038737863e+03 
       4.819439998659e-02       7.162215187382e+03 
       4.856060880075e-02       7.117005085922e+03 
       4.893968585730e-02       7.071388152556e+03 
       4.933274758778e-02       7.025334809566e+03 
       4.974105135949e-02       6.978758515228e+03 
       5.016601890501e-02       6.931642803679e+03 
       5.060926454134e-02       6.883930515682e+03 
       5.107262932074e-02       6.835524443808e+03 
       5.155822255564e-02       6.786375157514e+03 
       5.206847254042e-02       6.736354399612e+03 
       5.260618877027e-02       6.685383838698e+03 
       5.317463854500e-02       6.633304592253e+03 
       5.377764154821e-02       6.579988829879e+03 
       5.441968678360e-02       6.525227913436e+03 
       5.510607704224e-02       6.468743461888e+03 
       5.584310663811e-02       6.410281593064e+03 
       5.663827798161e-02       6.349438292236e+03 
       5.750056061257e-02       6.285709278137e+03 
       5.844069053565e-02       6.218458819378e+03 
       5.947149427542e-02       6.146815653064e+03 
       6.060819442127e-02       6.069648275374e+03 
       6.186860159727e-02       5.985444066373e+03 
       6.327301055276e-02       5.892153893967e+03 
       6.484349434872e-02       5.787131748136e+03 
       6.660217194876e-02       5.667043294559e+03 
       6.856805377682e-02       5.527986022377e+03 
       7.075252029521e-02       5.366020232292e+03 
       7.315456453660e-02       5.178088935195e+03 
       7.575816356225e-02       4.963402361479e+03 
       7.853405886902e-02       4.724596463803e+03 
       8.144583142463e-02       4.468031634397e+03 
       8.445725867226e-02       4.202933791741e+03 
       8.753758097266e-02       3.939738549100e+03 
       9.066347627826e-02       3.688363945408e+03 
       9.381860285529e-02       3.456911096711e+03 
       9.699209979031e-02       3.250937833923e+03 
       1.001769923089e-01       3.073250077657e+03 
       1.033688975881e-01       2.924115621890e+03 
       1.065650985274e-01       2.801621093036e+03 
       1.097639245767e-01       2.702219374612e+03 
       1.129643537422e-01       2.621218383283e+03 
       1.161657626105e-01       2.553305097896e+03 
       1.193677714916e-01       2.493043510283e+03 
       1.225701492810e-01       2.435346784230e+03 
       1.257727552997e-01       2.375904506062e+03 
       1.289755038471e-01       2.311546926275e+03 
       1.321783426355e-01       2.240453570651e+03 
       1.353812396831e-01       2.162214600390e+03 
       1.385841753526e-01       2.077679613461e+03 
       1.417871375168e-01       1.988727587589e+03 
       1.449901186228e-01       1.897868963841e+03 
       1.481931139088e-01       1.807873978773e+03 
       1.513961203208e-01       1.721408657856e+03 
       1.545991358542e-01       1.640754086032e+03 
       1.578021591527e-01       1.567599722006e+03 
       1.610051892641e-01       1.502951135791e+03 
       1.642082254912e-01       1.447114426343e+03 
       1.674112673003e-01       1.399748806047e+03 
       1.706143142649e-01       1.359965313577e+03 
       1.738173660310e-01       1.326470828146e+03 
       1.770204222952e-01       1.297694854993e+03 
       1.802234827910e-01       1.271980844008e+03 
       1.834265472799e-01       1.247868561963e+03 
       1.866296155454e-01       1.223921562724e+03 
       1.898326873893e-01       1.198742296708e+03 
       1.930357626286e-01       1.171517112384e+03 
       1.962388410936e-01       1.141862964037e+03 
       1.994419226264e-01       1.109836547930e+03 
       2.026450070798e-01       1.075870288207e+03 
       2.058480943157e-01       1.040673367761e+03 
       2.090511842052e-01       1.005108381007e+03 
       2.122542766269e-01       9.700467126658e+02 
       2.154573714671e-01       9.362910634214e+02 
       2.186604686186e-01       9.044965456573e+02 
       2.218635679805e-01       8.751349820259e+02 
       2.250666694578e-01       8.484889729235e+02 
       2.282697729607e-01       8.246498861957e+02 
       2.314728784047e-01       8.035341221552e+02 
       2.346759857097e-01       7.848969429869e+02 
       2.378790948000e-01       7.683556654604e+02 
       2.410822056040e-01       7.534339511968e+02 
       2.442853180538e-01       7.396095402558e+02 
       2.474884320852e-01       7.263655957035e+02 
       2.506915476370e-01       7.132436411616e+02 
       2.538946646515e-01       6.998815844057e+02 
       2.570977830735e-01       6.860345957624e+02 
       2.603009028509e-01       6.715739928702e+02 
       2.635040239339e-01       6.564967757528e+02 
       2.667071462751e-01       6.408921738087e+02 
       2.699102698296e-01       6.249323814047e+02 
       2.731133945543e-01       6.088525672434e+02 
       2.763165204084e-01       5.929145604283e+02 
       2.795196473528e-01       5.773852402621e+02 
       2.827227753502e-01       5.625067149816e+02 
       2.859259043651e-01       5.484643128202e+02 
       2.891290343634e-01       5.353783306147e+02 
       2.923321653127e-01       5.232871096577e+02 
       2.955352971818e-01       5.121641360914e+02 
       2.987384299411e-01       5.019252636197e+02 
       3.019415635619e-01       4.924469847355e+02 
       3.051446980171e-01       4.835835915373e+02 
       3.083478332806e-01       4.751782105388e+02 
       3.115509693272e-01       4.670768664310e+02 
       3.147541061330e-01       4.591365693585e+02 
       3.179572436748e-01       4.512359225509e+02 
       3.211603819306e-01       4.432798775042e+02 
       3.243635208790e-01       4.352137905162e+02 
       3.275666604997e-01       4.270213401798e+02 
       3.307698007731e-01       4.187247794357e+02 
       3.339729416803e-01       4.103757963866e+02 
       3.371760832031e-01       4.020443594154e+02 
       3.403792253240e-01       3.938079525582e+02 
       3.435823680263e-01       3.857417809919e+02 
       3.467855112938e-01       3.779101509376e+02 
       3.499886551109e-01       3.703701772275e+02 
       3.531917994626e-01       3.631603128952e+02 
       3.563949443343e-01       3.563044423428e+02 
       3.595980897122e-01       3.498076665325e+02 
       3.628012355827e-01       3.436572835740e+02 
       3.660043819330e-01       3.378215971110e+02 
       3.692075287503e-01       3.322528434124e+02 
       3.724106760227e-01       3.268991774373e+02 
       3.756138237385e-01       3.217062311470e+02 
       3.788169718862e-01       3.166236046530e+02 
       3.820201204551e-01       3.116152366802e+02 
       3.852232694346e-01       3.066536245321e+02 
       3.884264188145e-01       3.017204476615e+02 
       3.916295685849e-01       2.968079919586e+02 
       3.948327187363e-01       2.919165013148e+02 
       3.980358692595e-01       2.870527987950e+02 
       4.012390201454e-01       2.822303579633e+02 
       4.044421713855e-01       2.774663331449e+02 
       4.076453229714e-01       2.727850262204e+02 
       4.108484748949e-01       2.682061581694e+02 
       4.140516271482e-01       2.637485623301e+02 
       4.172547797237e-01       2.594243019438e+02 
       4.204579326139e-01       2.552392879703e+02 
       4.236610858117e-01       2.511928425762e+02 
       4.268642393102e-01       2.472817562904e+02 
       4.300673931026e-01       2.434987454138e+02 
       4.332705471824e-01       2.398358552146e+02 
       4.364737015432e-01       2.362838983712e+02 
       4.396768561789e-01       2.328304271614e+02 
       4.428800110834e-01       2.294624380057e+02 
       4.460831662510e-01       2.261651566424e+02 
       4.492863216760e-01       2.229248860815e+02 
       4.524894773529e-01       2.197301904878e+02 
       4.556926332764e-01       2.165740513552e+02 
       4.588957894413e-01       2.134533759227e+02 
       4.620989458426e-01       2.103682169309e+02 
       4.653021024754e-01       2.073211152044e+02 
       4.685052593349e-01       2.043150906183e+02 
       4.717084164164e-01       2.013539346875e+02 
       4.749115737155e-01       1.984417484794e+02 
       4.781147312279e-01       1.955829705351e+02 
       4.813178889491e-01       1.927828693485e+02 
       4.845210468751e-01       1.900472181961e+02 
       4.877242050017e-01       1.873798615129e+02 
       4.909273633252e-01       1.847826986406e+02 
       4.941305218416e-01       1.822544652552e+02 
       4.973336805471e-01       1.797915860394e+02 
       5.005368394383e-01       1.773884622904e+02 
       5.037399985114e-01       1.750391079600e+02 
       5.069431577630e-01       1.727377125070e+02 
       5.101463171898e-01       1.704802502271e+02 
       5.133494767885e-01       1.682626309154e+02 
       5.165526365558e-01       1.660816272676e+02 
       5.197557964887e-01       1.639338863407e+02 
       5.229589565840e-01       1.618165706358e+02 
       5.261621168389e-01       1.597277144913e+02 
       5.293652772503e-01       1.576667247351e+02 
       5.325684378155e-01       1.556342189975e+02 
       5.357715985318e-01       1.536326976624e+02 
       5.389747593963e-01       1.516643153898e+02 
       5.421779204065e-01       1.497312484519e+02 
       5.453810815598e-01       1.478341525310e+02 
       5.485842428536e-01       1.459733971282e+02 
       5.517874042856e-01       1.441478193009e+02 
       5.549905658534e-01       1.423570357621e+02 
       5.581937275545e-01       1.406003425317e+02 
       5.613968893866e-01       1.388777533004e+02 
       5.646000513477e-01       1.371889013240e+02 
       5.678032134354e-01       1.355326284256e+02 
       5.710063756476e-01       1.339074071625e+02 
       5.742095379823e-01       1.323110384755e+02 
       5.774127004374e-01       1.307411609059e+02 
       5.806158630109e-01       1.291960733338e+02 
       5.838190257008e-01       1.276743573238e+02 
       5.870221885052e-01       1.261757948697e+02 
       5.902253514224e-01       1.247001857638e+02 
       5.934285144503e-01       1.232473959178e+02 
       5.966316775873e-01       1.218166758362e+02 
       5.998348408316e-01       1.204072142367e+02 
       6.030380041815e-01       1.190183071658e+02 
       6.062411676352e-01       1.176496633583e+02 
       6.094443311912e-01       1.163016582855e+02 
       6.126474948479e-01       1.149745611273e+02 
       6.158506586037e-01       1.136700762111e+02 
       6.190538224570e-01       1.123878755461e+02 
       6.222569864063e-01       1.111282543882e+02 
       6.254601504501e-01       1.098892278741e+02 
       6.286633145871e-01       1.086704031203e+02 
       6.318664788157e-01       1.074709025670e+02 
       6.350696431346e-01       1.062902537428e+02 
       6.382728075424e-01       1.051282755189e+02 
       6.414759720378e-01       1.039848156348e+02 
       6.446791366195e-01       1.028594978228e+02 
       6.478823012862e-01       1.017515065336e+02 
       6.510854660366e-01       1.006597637143e+02 
       6.542886308696e-01       9.958332906533e+01 
       6.574917957838e-01       9.852171736369e+01 
       6.606949607781e-01       9.747464937552e+01 
       6.638981258514e-01       9.644251218117e+01 
       6.671012910025e-01       9.542554657165e+01 
       6.703044562303e-01       9.442373625295e+01 
       6.735076215337e-01       9.343679987523e+01 
       6.767107869116e-01       9.246410687397e+01 
       6.799139523630e-01       9.150522079689e+01 
       6.831171178868e-01       9.055970273644e+01 
       6.863202834820e-01       8.962767800999e+01 
       6.895234491476e-01       8.870932871247e+01 
       6.927266148826e-01       8.780485948317e+01 
       6.959297806861e-01       8.691409417718e+01 
       6.991329465572e-01       8.603660440867e+01 
       7.023361124948e-01       8.517174328705e+01 
       7.055392784982e-01       8.431886376465e+01 
       7.087424445663e-01       8.347750212005e+01 
       7.119456106984e-01       8.264754386891e+01 
       7.151487768935e-01       8.182907678295e+01 
       7.183519431509e-01       8.102209960702e+01 
       7.215551094696e-01       8.022654015854e+01 
       7.247582758489e-01       7.944208934976e+01 
       7.279614422880e-01       7.866799926971e+01 
       7.311646087861e-01       7.790396362772e+01 
       7.343677753423e-01       7.714961330590e+01 
       7.375709419561e-01       7.640517445752e+01 
       7.407741086265e-01       7.567060759366e+01 
       7.439772753529e-01       7.494636249672e+01 
       7.471804421345e-01       7.423210031752e+01 
       7.503836089707e-01       7.352776277282e+01 
       7.535867758608e-01       7.283275058832e+01 
       7.567899428039e-01       7.214655001259e+01 
       7.599931097996e-01       7.146908345471e+01 
       7.631962768471e-01       7.080028257308e+01 
       7.663994439458e-01       7.014035777710e+01 
       7.696026110949e-01       6.948932362077e+01 
       7.728057782940e-01       6.884687133044e+01 
       7.760089455424e-01       6.821318550833e+01 
       7.792121128394e-01       6.758749590696e+01 
       7.824152801845e-01       6.696954067818e+01 
       7.856184475771e-01       6.635907564777e+01 
       7.888216150166e-01       6.575611529043e+01 
       7.920247825025e-01       6.516084310842e+01 
       7.952279500341e-01       6.457330374093e+01 
       7.984311176109e-01       6.399342526743e+01 
       8.016342852324e-01       6.342104795150e+01 
       8.048374528981e-01       6.285541770777e+01 
       8.080406206073e-01       6.229676913287e+01 
       8.112437883597e-01       6.174466204607e+01 
       8.144469561546e-01       6.119909466361e+01 
       8.176501239917e-01       6.066055450646e+01 
       8.208532918703e-01       6.012869665308e+01 
       8.240564597901e-01       5.960362970859e+01 
       8.272596277504e-01       5.908515203994e+01 
       8.304627957510e-01       5.857281387701e+01 
       8.336659637912e-01       5.806647881809e+01 
       8.368691318707e-01       5.756595581899e+01 
       8.400722999889e-01       5.707134857217e+01 
       8.432754681455e-01       5.658260447418e+01 
       8.464786363400e-01       5.610009792345e+01 
       8.496818045720e-01       5.562353932294e+01 
       8.528849728411e-01       5.515270433672e+01 
       8.560881411468e-01       5.468732866114e+01 
       8.592913094887e-01       5.422720768163e+01 
       8.624944778665e-01       5.377219908006e+01 
       8.656976462796e-01       5.332243300911e+01 
       8.689008147278e-01       5.287794440564e+01 
       8.721039832107e-01       5.243880229167e+01 
       8.753071517278e-01       5.200495103698e+01 
       1.006438803464e+00       3.781374562709e+01 
