0	1
0.0001058793146201	1.0000000000000013
0.0001197663755582	0.9999999999999987
0.0001339432163746	1.0000000000000002
0.0001484508712106	1.0000000000000013
0.0001633330055765	0.9999999999999989
0.0001786363007196	1.0000000000000009
0.0001944108685639	0.9999999999999973
0.0002107106997367	1.0000000000000009
0.0002275941465414	1.0
0.0002451244417194	0.9999999999999974
0.0002633702523469	0.9999999999999999
0.0002824062660635	1.0000000000000002
0.000302313803836	0.9999999999999986
0.0003231814493922	1.0
0.000345105680057	1.0000000000000013
0.0003681914767249	1.000000000000002
0.0003925528818849	0.9999999999999994
0.0004183134638437	1.000000000000001
0.0004456066326535	0.9999999999999998
0.00047457573918	0.9999999999999993
0.0005053738742176	1.0000000000000004
0.0005381632713514	0.9999999999999998
0.0005731142081112	0.9999999999999998
0.0006104032987143	0.9999999999999976
0.0006502110831571	1.0000000000000004
0.0006927188467739	0.9999999999999984
0.0007381046560812	0.9999999999999993
0.0007865386725968	0.9999999999999989
0.0008381779034017	1.0000000000000002
0.0008931606556683	1.0000000000000002
0.0009516010648686	0.9999999999999999
0.001013584139815	1.0000000000000018
0.001079161788274	1.0000000000000013
0.001148350237616	0.9999999999999988
0.001221129143128	0.9999999999999999
0.001297442498106	0.9999999999999998
0.001377201256807	0.9999999999999994
0.001460287393938	1.0
0.001546558988305	0.9999999999999997
0.00163585585484	1.0000000000000013
0.001728005260449	0.9999999999999974
0.001822827330133	0.9999999999999976
0.001920139856226	1.0000000000000002
0.002019762339815	0.9999999999999997
0.002121519199248	0.9999999999999988
0.002225242163885	0.9999999999999998
0.002330771927862	1.000000000000002
0.002437959170209	1.0000000000000027
0.002546665059139	1.0000000000000004
0.002656761355678	1.0000000000000022
0.002768130220534	1.0000000000000007
0.002880663812646	0.9999999999999989
0.002994263751278	1.000000000000001
0.003108840497825	0.9999999999999983
0.003224312699601	0.9999999999999994
0.003340606526329	0.9999999999999987
0.003457655020721	0.9999999999999992
0.003575397477318	0.9999999999999992
0.003693778858297	1.000000000000002
0.003812749250939	0.9999999999999976
0.003932263368613	0.9999999999999958
0.004052280095153	1.0000000000000004
0.004172762071183	1.0000000000000024
0.004293675320167	0.9999999999999968
0.004414988911451	0.9999999999999993
0.004536674657399	0.9999999999999997
0.004658706841632	0.999999999999998
0.004781061975494	1.0000000000000016
0.004903718579967	0.9999999999999977
0.005026656990471	1.0000000000000002
0.005149859182148	0.9999999999999989
0.005273308613491	1.0
0.005396990086311	0.9999999999999974
0.005520889620303	0.9999999999999973
0.005644994340596	1.0000000000000027
0.005769292376888	1.0
0.005893772772874	0.9999999999999999
0.006018425404869	1.0000000000000004
0.006143240908598	0.9999999999999994
0.006268210613287	0.9999999999999968
0.006393326482249	1.0000000000000009
0.006518581059278	0.9999999999999983
0.006643967420227	1.0000000000000002
0.006769479129216	0.9999999999999999
0.006895110198993	0.999999999999997
0.00702085505501	0.999999999999999
0.007146708502816	1.0000000000000024
0.00727266569846	1.0000000000000004
0.007398722121557	1.0000000000000013
0.007524873550786	1.0
0.007651116041553	1.000000000000002
0.007777445905615	1.000000000000001
0.007903859692477	1.0000000000000007
0.008030354172378	0.9999999999999991
0.008156926320728	0.9999999999999961
0.008283573303854	1.0000000000000007
0.00841029246592	1.0000000000000007
0.00853708131694	0.9999999999999996
0.008663937521747	1.0000000000000009
0.008790858889867	0.9999999999999971
0.008917843366192	0.9999999999999986
0.009044889022392	0.9999999999999996
0.009171994048997	0.9999999999999988
0.009299156748092	1.0000000000000027
0.009426375526575	1.0000000000000016
0.009553648889925	0.9999999999999982
0.009680975436442	1.0000000000000013
0.00980835385191	0.9999999999999982
0.009935782904667	1.0000000000000022
0.01006326144103	1.0
0.01019078838104	1.0000000000000013
0.01031836271457	0.9999999999999979
0.0104459834976	0.9999999999999976
0.01057364984892	0.9999999999999977
0.01070136094689	1.0000000000000007
0.01082911602658	0.999999999999999
0.010956914377	0.9999999999999987
0.01108475533862	1.0000000000000002
0.01121263830094	0.9999999999999983
0.01134056270036	1.0000000000000024
0.01146852801814	0.9999999999999992
0.01159653377842	1.0000000000000013
0.01172457954656	1.0000000000000027
0.01185266492741	1.0000000000000009
0.0119807895638	0.9999999999999991
0.01210895313513	1.0000000000000013
0.01223715535601	0.9999999999999978
0.01236539597503	0.9999999999999977
0.01249367477362	1.0
0.01262199156498	0.9999999999999974
0.01275034619305	1.0000000000000007
0.01287873853163	0.9999999999999997
0.01300716848348	0.9999999999999997
0.01313563597956	1.000000000000002
0.01326414097827	1.0000000000000009
0.01339268346478	0.9999999999999982
0.01352126345039	1.0000000000000016
0.01364988097194	1.0000000000000027
0.01377853609133	0.9999999999999988
0.01390722889496	1.0000000000000009
0.01403595949331	1.0000000000000007
0.01416472802054	0.9999999999999994
0.01429353463414	0.9999999999999991
0.01442237951452	0.9999999999999997
0.01455126286481	1.0000000000000013
0.0146801849105	0.9999999999999991
0.01480914589925	1.0000000000000004
0.0149381461007	1.0000000000000016
0.01506718580624	0.9999999999999978
0.01519626532888	0.9999999999999993
0.01532538500315	1.0000000000000038
0.01545454518497	1.0000000000000013
0.01558374625157	0.9999999999999994
0.01571298860145	0.9999999999999979
0.01584227265437	1.0
0.0159715988513	1.000000000000002
0.01610096765447	0.999999999999999
0.01623037954737	0.9999999999999986
0.01635983503485	0.9999999999999979
0.01648933464314	1.0000000000000022
0.01661887892	1.0000000000000018
0.01674846843479	1.0000000000000009
0.01687810377862	1.0
0.0170077855645	0.9999999999999988
0.01713751442749	0.9999999999999998
0.01726729102493	0.9999999999999981
0.0173971160366	0.9999999999999982
0.01752699016493	0.9999999999999979
0.01765691413531	0.9999999999999994
0.01778688869626	1.0000000000000024
0.01791691461977	1.000000000000002
0.01804699270153	1.0000000000000004
0.01817712376129	1.0000000000000002
0.01830730864317	0.9999999999999973
0.01843754821596	0.9999999999999991
0.01856784337355	1.0000000000000004
0.01869819503524	0.9999999999999991
0.01882860414616	0.9999999999999977
0.01895907167771	0.9999999999999977
0.01908959862792	1.0000000000000022
0.01922018602197	1.0000000000000007
0.01935083491261	1.000000000000001
0.01948154638064	1.0
0.01961232153545	1.0000000000000007
0.0197431615155	0.9999999999999976
0.01987406748888	1.0000000000000002
0.02000504065387	1.0000000000000042
0.02013608223953	1.0
0.02026719350625	1.0000000000000007
0.02039837574646	1.0000000000000022
0.02052963028517	1.0000000000000004
0.02066095848071	0.9999999999999988
0.0207923617254	0.9999999999999993
0.02092384144623	1.0000000000000007
0.02105539910561	1.0
0.02118703620215	1.0000000000000018
0.02131875427141	1.0000000000000024
0.02145055488671	1.0
0.02158243965997	1.0000000000000004
0.02171441024256	1.0000000000000024
0.0218464683262	0.9999999999999997
0.02197861564386	1.0000000000000009
0.02211085397072	0.9999999999999987
0.02224318512512	1.0
0.02237561096956	0.999999999999998
0.02250813341177	1.0000000000000038
0.02264075440575	1.0000000000000004
0.02277347595286	0.9999999999999987
0.02290630010301	1.0000000000000009
0.02303922895575	0.9999999999999998
0.02317226466154	1.000000000000002
0.02330540942299	1.0000000000000018
0.02343866549613	0.9999999999999998
0.02357203519172	0.9999999999999997
0.02370552087667	1.0
0.0238391249754	0.9999999999999991
0.02397284997135	0.9999999999999981
0.02410669840842	1.0000000000000027
0.0242406728926	1.0000000000000007
0.02437477609351	1.0000000000000013
0.02450901074608	0.9999999999999966
0.02464337965228	0.999999999999999
0.02477788568283	0.9999999999999981
0.0249125317791	1.0000000000000024
0.02504732095493	0.9999999999999982
0.02518225629861	0.9999999999999992
0.02531734097488	0.9999999999999973
0.025452578227	1.0000000000000024
0.02558797137893	0.9999999999999996
0.02572352383753	1.0000000000000024
0.02585923909486	0.999999999999998
0.02599512073054	1.0000000000000044
0.02613117241427	0.9999999999999996
0.02626739790828	1.0000000000000007
0.02640380107006	0.9999999999999962
0.02654038585501	0.999999999999997
0.02667715631931	0.999999999999998
0.02681411662282	1.0000000000000002
0.02695127103211	1.0000000000000004
0.0270886239236	1.000000000000001
0.02722617978681	0.9999999999999988
0.02736394322772	0.999999999999997
0.02750191897227	1.000000000000001
0.02764011187	0.9999999999999988
0.02777852689777	1.0000000000000009
0.02791716916369	1.0000000000000016
0.02805604391113	1.0000084726188505
0.02819515652298	1.0000189088582345
0.02833451252594	1.0000182427321989
0.02847411759512	1.0000106358795775
0.0286139775587	1.00000506113076
0.02875409840283	0.9999973409714003
0.02889448627672	1.000007534634774
0.02903514749796	0.9999983043260671
0.02917608855795	1.0000030585844792
0.02931731612772	1.0000054598080694
0.0294588370638	1.0000060052033646
0.02960065841447	1.0000035564338776
0.02974278742623	0.9999966308737079
0.02988523155052	1.0000090892202511
0.03002799845073	0.9999966309985955
0.03017109600953	1.0000023460729686
0.0303145323365	1.0000037494066145
0.03045831577608	0.9999989512699832
0.03060245491592	1.0000043675906958
0.03074695859551	1.0000051945063124
0.03089183591526	0.9999977092760526
0.031037096246	1.000003241818346
0.03118274923885	1.0000079909759556
0.03132880483557	1.0000075500382766
0.03147527327941	1.0000036743157326
0.03162216512644	1.0000018874174321
0.03176949125742	0.999999819582406
0.03191726289022	1.000002927435157
0.03206549159288	0.9999994216364194
0.03221418929721	1.0000008919793764
0.03236336831318	1.0000023016224144
0.03251304134391	1.0000034834190865
0.03266322150148	0.9999994902309053
0.03281392232348	1.0000011636715695
0.03296515779042	0.9999997872486179
0.03311694234409	1.0000011553117891
0.03326929090677	1.0000002486652377
0.03342221890151	0.9999999904166647
0.0335757422735	1.000001430558886
0.03372987751253	0.9999974563130991
0.0338846416767	1.0000051424951613
0.03404005241742	0.9999947416392795
0.03419612800579	1.0000055867638316
0.03435288736043	0.9999951443921234
0.03451035007694	1.0000042186666187
0.03466853645898	0.9999964284413483
0.03482746755119	1.0000036533757113
0.034987165174	0.9999960086104162
0.0351476519605	1.0000038919934082
0.03530895139559	0.99999715076139
0.03547108785736	1.0000014109972974
0.03563408666112	0.9999990698865336
0.0357979741061	1.0000002328398245
0.03596277752511	0.9999991778581734
0.03612852533733	1.000000206064232
0.0362952471045	0.999999234966913
0.03646297359079	1.0000008256365305
0.03663173682654	0.9999963253034214
0.03680157017638	1.0000018501363972
0.03697250841184	0.999999580295277
0.03714458778901	0.9999937318660145
0.03731784613157	1.0000002743528145
0.03749232291965	1.0000019633801494
0.03766805938506	0.9999959195727187
0.03784509861341	0.9999974712543297
0.03802348565367	1.000000571500115
0.03820326763597	0.9999949991928451
0.03838449389823	1.0000048692440757
0.03856721612249	0.9999940498197349
0.03875148848192	1.0000002785376076
0.03893736779927	0.9999999110100328
0.03912491371821	0.999994556272948
0.03931418888845	1.0000030825574946
0.03950525916624	0.9999928893952714
0.0396981938317	1.0000044088201707
0.03989306582462	0.9999924417762561
0.04008995200077	1.0000038411191754
0.04028893341084	0.9999940449210629
0.04049009560421	0.9999910705774333
0.04069352896066	1.0000040440270377
0.04089932905261	0.9999949485420025
0.04110759704171	0.9999871841148062
0.04131844011352	0.9999991065316876
0.04153197195461	0.9999982380763137
0.04174831327739	0.9999898321673915
0.04196759239808	1.0000020727298748
0.04218994587459	0.9999926794699608
0.04241551921167	0.9999840728013252
0.04264446764196	0.9999817332535395
0.0428769569928	0.9999767034213891
0.04311316465013	0.9999727739421785
0.04335328063274	0.9999778934924191
0.0435975087919	0.99998092502366
0.04384606815436	0.9999680250481251
0.04409919442905	0.9999686737316977
0.04435714170186	0.9999783678827459
0.04462018434667	0.9999668783574831
0.044888619186	0.9999614917082661
0.04516276794049	0.9999723988843079
0.04544298001394	0.9999719362119176
0.04572963566912	0.9999778008577678
0.04602314966057	0.9999749261373874
0.04632397540333	1.0000060546153353
0.046632609773	0.9999696780565519
0.04694959865171	0.9999110398956341
0.04727554335953	0.9998251045813181
0.04761110814056	0.9997048003591272
0.04795702891118	0.9995119569758197
0.04831412352462	0.9993119065961417
0.0486833038658	0.9990541003577474
0.04906559016505	0.9987701179812914
0.04946212801379	0.9984642508889515
0.04987420868626	0.9981558974200928
0.0503032935237	0.9977717664768734
0.05075104333331	0.9973972369133496
0.05121935400278	0.9970160579839015
0.05171039984743	0.9966371948525026
0.05222668660748	0.9962843858071531
0.05277111651242	0.9959678353206515
0.05334706844296	0.9957013977307227
0.05395849694639	0.995518448128294
0.05461005466409	0.9954152864740936
0.0553072434998	0.9954636684938458
0.05605660032177	0.995722870988196
0.05686592255861	0.9962292498335202
0.05774453650365	0.9971560719358828
0.05870360413177	0.9985432073204761
0.05975644843813	1.0005950454297459
0.06091884544404	1.0034676297320377
0.06220917248312	1.0073117461490106
0.06364820665068	1.012091429601726
0.06525823866093	1.0176652105383661
0.06706106340284	1.0238629194841882
0.06907450107095	1.0301098280559415
0.07130768055283	1.0356579028936632
0.07375650266478	1.0393427317827508
0.07640180204521	1.0400836545165213
0.07921216384519	1.0369532082975144
0.08215059258761	1.029522121779002
0.08518166357406	1.0182819169990756
0.0882761068651	1.0041370423204892
0.09141215430837	0.9886434633967571
0.09457475174713	0.9737742084119112
0.09775397971301	0.9615178235937611
0.1009435028997	0.9534051610083853
0.1041393539667	0.9504065040838904
0.1073390785887	0.9528509578928968
0.110541169713	0.9604338926165391
0.1137447060695	0.9722847625879344
0.1169491259249	0.9870425875115728
0.1201540872253	1.0030667064448724
0.1233593817823	1.0185468890559015
0.1265648828535	1.0318139708179033
0.1297705132095	1.041343607467214
0.1329762257108	1.0462311723122477
0.1361819915049	1.0460081771898784
0.1393877928583	1.040886510799204
0.1425936188026	1.0314960469255616
0.1457994624917	1.0190982938789612
0.1490053195962	1.0051263694958579
0.1522111873274	0.9910850061820151
0.1554170638442	0.9784287738491775
0.1586229478922	0.9683200356239559
0.1618288385832	0.9616152219851744
0.1650347352608	0.9588206629415926
0.1682406374181	0.9600313703217012
0.1714465446464	0.9649934745311116
0.1746524566042	0.9730726023841157
0.1778583729971	0.9833141547046954
0.1810642935652	0.9946222785531657
0.1842702180753	1.005881840488496
0.1874761463152	1.015913846910381
0.1906820780904	1.0236174397536233
0.1938880132209	1.028434870960227
0.1970939515399	1.0298898333206543
0.200299892892	1.028054706437277
0.203505837132	1.023304776891978
0.206711784124	1.016351200912932
0.2099177337409	1.0080503517120143
0.213123685863	0.9993902809561916
0.2163296403782	0.9912926919434476
0.2195355971807	0.9843837094275577
0.2227415561711	0.9792279303100243
0.2259475172556	0.9761466572474116
0.2291534803456	0.9753882558953854
0.2323594453575	0.9769178432121955
0.2355654122124	0.9805279356338154
0.2387713808355	0.985838352914686
0.241977351156	0.9922264146467414
0.2451833231071	0.9990057625426564
0.248389296625	1.0054036397634944
0.2515952716496	1.0108820225303694
0.2548012481235	1.0149738582563632
0.2580072259925	1.0174525901994467
0.2612132052049	1.0181102034384322
0.2644191857115	1.01702224551562
0.2676251674655	1.0143432078953192
0.2708311504224	1.0104314288012681
0.2740371345397	1.0057263475786329
0.2772431197769	1.0007067491317467
0.2804491060953	0.9959647166611533
0.2836550934582	0.9918711378536013
0.2868610818303	0.9887825413840562
0.290067071178	0.9869136157933888
0.2932730614691	0.9863412089975715
0.2964790526727	0.9870210789331167
0.2996850447596	0.9887792250444007
0.3028910377014	0.9914266540567126
0.3060970314713	0.9946425724081629
0.3093030260432	0.998098689363278
0.3125090213924	1.0014399095458597
0.3157150174951	1.0043629401195422
0.3189210143285	1.0066395288462664
0.3221270118706	1.0081221133099731
0.3253330101004	1.0087193200332565
0.3285390089976	1.0083994524702684
0.3317450085429	1.0073047239561426
0.3349510087174	1.0056034823662894
0.3381570095033	1.0035317155637977
0.3413630108832	1.0013291452374198
0.3445690128404	0.9992207177118783
0.347775015359	0.9974192125561192
0.3509810184234	0.9960448017158134
0.3541870220189	0.9952009802678966
0.3573930261309	0.9948894012856762
0.3605990307457	0.9951081095823029
0.36380503585	0.9958409238518477
0.3670110414308	0.9969815265160157
0.3702170474758	0.9983260752803266
0.3734230539728	0.9997122257481393
0.3766290609104	1.0008948091497702
0.3798350682773	1.0017772283918407
0.3830410760627	1.0023676857344692
0.3862470842562	1.0026263641753654
0.3894530928475	1.002600008998681
0.392659101827	1.0022902566474745
0.3958651111851	1.001785525998706
0.3990711209127	1.0011682641566795
0.4022771310009	1.000570497397859
0.4054831414412	1.0001197665426318
0.4086891522252	0.9999588672887211
0.4118951633449	1.000008212950693
0.4151011747924	0.9999249371883174
0.4183071865602	0.9998144315265738
0.421513198641	0.9997011920822951
0.4247192110276	0.9996168996376924
0.4279252237131	0.9995732479970628
0.4311312366909	0.999579909945368
0.4343372499545	0.999640201057953
0.4375432634975	0.9997641839952017
0.4407492773138	0.9998846910518925
0.4439552913975	0.9999847816832941
0.4471613057428	1.0000322712248386
0.4503673203441	1.0000000000000018
0.453573335196	1.000000000000001
0.4567793502931	1.000000000000001
0.4599853656304	1.0000000000000009
0.4631913812028	0.9999999999999989
0.4663973970054	0.9999999999999997
0.4696034130335	0.9999999999999987
0.4728094292826	0.9999999999999991
0.4760154457481	1.0000000000000013
0.4792214624256	0.999999999999999
0.482427479311	0.999999999999999
0.4856334964001	1.0
0.4888395136889	1.0000000000000007
0.4920455311735	0.999999999999998
0.49525154885	0.9999999999999996
0.4984575667148	0.999999999999999
0.5016635847641	1.0000000000000007
0.5048696029946	0.9999999999999996
0.5080756214027	1.0
0.5112816399851	1.0000000000000002
0.5144876587386	1.0000000000000013
0.5176936776599	1.0
0.5208996967459	0.9999999999999996
0.5241057159936	0.9999999999999988
0.5273117354001	0.9999999999999993
0.5305177549624	0.9999999999999981
0.5337237746778	1.0000000000000002
0.5369297945434	0.9999999999999989
0.5401358145567	1.0000000000000009
0.5433418347149	1.0000000000000009
0.5465478550156	0.9999999999999986
0.5497538754562	1.0000000000000004
0.5529598960343	1.0
0.5561659167475	0.9999999999999989
0.5593719375934	0.9999999999999987
0.5625779585699	1.0000000000000022
0.5657839796746	0.999999999999999
0.5689900009054	1.0000000000000002
0.5721960222602	1.0000000000000007
0.5754020437369	0.999999999999998
0.5786080653335	0.9999999999999994
0.5818140870479	0.9999999999999997
0.5850201088783	0.9999999999999978
0.5882261308227	0.9999999999999997
0.5914321528792	0.9999999999999983
0.5946381750462	1.0000000000000002
0.5978441973217	0.9999999999999991
0.601050219704	0.9999999999999997
0.6042562421914	1.0000000000000004
0.6074622647823	1.0000000000000004
0.6106682874751	0.9999999999999999
0.613874310268	1.0000000000000013
0.6170803331596	0.9999999999999993
0.6202863561484	1.0
0.6234923792327	1.0000000000000002
0.6266984024112	0.999999999999999
0.6299044256824	1.0000000000000004
0.6331104490449	1.0000000000000002
0.6363164724974	0.9999999999999994
0.6395224960383	0.9999999999999994
0.6427285196666	1.0000000000000007
0.6459345433807	0.9999999999999987
0.6491405671795	1.0000000000000013
0.6523465910617	0.9999999999999994
0.655552615026	0.9999999999999994
0.6587586390714	1.0
0.6619646631965	0.9999999999999989
0.7051279699305	0.9999999999999979
0.7592221190007	0.9999999999999998
0.8315881384196	0.9999999999999997
0.9374816966527	0.9999999999999988
1.107076078228	0.9999999999999999
