0	1
0.0001294782582968	1.000000000000002
0.0001438111084267	0.9999999999999984
0.0001584875847797	0.9999999999999996
0.000173550781904	1.0000000000000004
0.000189046794227	1.0000000000000033
0.0002050251098318	1.0000000000000002
0.0002215390348019	0.9999999999999988
0.0002386461494451	1.0000000000000004
0.0002564087966803	0.9999999999999998
0.0002748946013872	1.000000000000002
0.0002941770174246	0.9999999999999987
0.0003143358961567	0.9999999999999992
0.0003354580664781	1.0000000000000002
0.0003576379112897	1.0000000000000009
0.0003809779189269	0.9999999999999993
0.0004055891800201	1.0000000000000007
0.0004315917905852	0.9999999999999989
0.0004591151109396	0.9999999999999996
0.0004882978177382	0.9999999999999992
0.0005192876739597	1.0000000000000002
0.0005522409306224	0.999999999999999
0.0005873212667768	1.0000000000000022
0.0006246981742079	0.9999999999999981
0.0006645447043218	1.0000000000000013
0.0007070345211815	1.0000000000000013
0.0007523382501937	0.9999999999999987
0.0008006191779055	1.0000000000000013
0.0008520284422006	1.0000000000000009
0.0009066999457122	0.9999999999999978
0.0009647453142429	0.9999999999999973
0.001026249287389	1.0000000000000022
0.001091265950553	0.9999999999999991
0.001159816181298	1.0000000000000016
0.001231886584971	0.9999999999999993
0.001307430045859	0.9999999999999968
0.001386367846195	1.0000000000000013
0.001468593138617	1.000000000000001
0.001553975429501	0.9999999999999992
0.001642365661277	1.0000000000000013
0.001733601476611	1.000000000000001
0.001827512296842	0.9999999999999997
0.001923923932434	1.0000000000000007
0.002022662542934	1.0000000000000016
0.002123557859525	1.0000000000000029
0.00222644566249	0.9999999999999987
0.002331169563139	0.9999999999999974
0.002437582174969	1.0000000000000004
0.002545545775169	0.999999999999999
0.002654932559975	1.0000000000000018
0.002765624590465	1.0
0.002877513513438	0.999999999999998
0.002990500127924	1.0000000000000016
0.003104493853851	1.000000000000002
0.00321941214653	1.0000000000000027
0.003335179889518	1.0000000000000042
0.003451728789307	1.0
0.003568996788009	1.0000000000000016
0.00368692750457	0.999999999999998
0.003805469710868	1.0000000000000013
0.003924576845912	1.000000000000001
0.004044206569192	0.9999999999999998
0.004164320352709	0.999999999999998
0.00428488311021	1.0000000000000013
0.004405862861548	0.9999999999999974
0.004527230429722	1.0000000000000002
0.004648959168036	0.9999999999999989
0.004771024714757	1.0000000000000024
0.004893404772755	1.0000000000000009
0.005016078911716	0.9999999999999996
0.00513902839068	0.9999999999999997
0.005262235998833	0.9999999999999999
0.005385685912658	0.9999999999999994
0.005509363567712	0.9999999999999982
0.005633255543495	1.0000000000000036
0.005757349459999	1.0000000000000016
0.005881633884683	1.0000000000000018
0.006006098248777	1.0000000000000009
0.006130732771888	1.0000000000000007
0.006255528394049	0.9999999999999962
0.006380476714392	1.0
0.006505569935764	1.000000000000001
0.006630800814651	1.0000000000000013
0.006756162615854	1.0000000000000007
0.006881649071423	1.0000000000000022
0.007007254343409	1.0000000000000004
0.00713297299005	1.0000000000000018
0.00725879993503	0.9999999999999968
0.007384730439511	0.9999999999999983
0.007510760076661	1.0000000000000002
0.007636884708424	1.0000000000000018
0.007763100464318	1.000000000000002
0.007889403722069	0.9999999999999992
0.008015791089892	0.9999999999999989
0.008142259390273	0.9999999999999987
0.008268805645107	1.000000000000001
0.008395427062065	1.0
0.008522121022081	1.0000000000000004
0.008648885067845	0.9999999999999976
0.00877571689323	0.9999999999999978
0.00890261433355	0.9999999999999983
0.009029575356589	1.0000000000000004
0.009156598054329	1.000000000000002
0.009283680635309	0.9999999999999993
0.009410821417581	0.9999999999999989
0.009538018822189	1.0000000000000009
0.009665271367138	0.9999999999999984
0.009792577661819	1.0000000000000024
0.00991993640184	1.0000000000000007
0.01004734636423	0.9999999999999977
0.01017480640302	1.0000000000000004
0.01030231544507	0.9999999999999991
0.01042987248632	0.9999999999999964
0.01055747658816	1.0000000000000033
0.01068512687418	1.0000000000000016
0.01081282252705	0.9999999999999976
0.01094056278573	0.9999999999999998
0.01106834694274	0.9999999999999983
0.01119617434174	1.0000000000000036
0.01132404437519	0.9999999999999971
0.01145195648222	1.0000000000000022
0.01157991014665	1.0
0.01170790489508	0.999999999999999
0.01183594029521	1.000000000000001
0.01196401595419	0.9999999999999988
0.01209213151712	0.9999999999999998
0.01222028666565	1.0000000000000004
0.01234848111668	1.000000000000002
0.01247671462113	1.0000000000000004
0.01260498696284	1.0000000000000009
0.01273329795746	1.0000000000000002
0.01286164745154	0.9999999999999977
0.01299003532155	0.9999999999999967
0.01311846147311	1.000000000000002
0.01324692584014	0.9999999999999996
0.01337542838418	0.9999999999999958
0.0135039690937	0.9999999999999994
0.01363254798347	1.0000000000000022
0.01376116509404	1.0
0.01388982049116	0.9999999999999994
0.01401851426531	1.000000000000001
0.01414724653128	1.0000000000000024
0.01427601742777	0.9999999999999961
0.01440482711701	1.0000000000000022
0.01453367578444	0.9999999999999994
0.0146625636384	0.999999999999999
0.01479149090991	0.9999999999999997
0.0149204578524	1.000000000000002
0.01504946474153	0.9999999999999989
0.01517851187498	0.9999999999999956
0.01530759957238	1.0000000000000007
0.01543672817511	1.0000000000000007
0.01556589804625	1.0000000000000007
0.0156951095705	0.9999999999999994
0.01582436315414	1.0000000000000013
0.01595365922497	1.0000000000000007
0.01608299823238	1.0000000000000016
0.01621238064729	1.0000000000000009
0.01634180696225	0.9999999999999998
0.01647127769146	1.0000000000000007
0.0166007933709	1.0000000000000013
0.01673035455836	0.9999999999999963
0.01685996183364	1.0000000000000024
0.0169896157986	1.0000000000000018
0.01711931707742	1.0000000000000007
0.01724906631666	0.9999999999999979
0.01737886418556	1.0000000000000029
0.01750871137618	1.0000000000000027
0.01763860860366	0.9999999999999994
0.01776855660643	1.0000000000000007
0.01789855614655	1.0000000000000036
0.01802860800989	0.9999999999999989
0.01815871300652	1.0000000000000022
0.01828887197095	1.000000000000002
0.01841908576253	0.9999999999999977
0.01854935526575	1.0000000000000013
0.01867968139063	1.0
0.01881006507309	1.0000000000000009
0.01894050727539	0.9999999999999958
0.01907100898651	1.0000000000000009
0.01920157122261	1.0000000000000007
0.01933219502747	1.000000000000002
0.01946288147301	1.0000000000000024
0.01959363165973	1.000000000000003
0.01972444671726	1.0000000000000022
0.01985532780488	1.0000000000000002
0.01998627611206	0.9999999999999987
0.02011729285908	0.9999999999999997
0.02024837929758	0.9999999999999994
0.02037953671117	0.9999999999999982
0.02051076641611	0.9999999999999974
0.02064206976193	1.000000000000002
0.02077344813212	0.9999999999999998
0.02090490294485	0.9999999999999996
0.02103643565365	0.9999999999999998
0.02116804774821	1.000000000000002
0.02129974075515	1.0
0.02143151623878	0.9999999999999994
0.02156337580196	0.9999999999999996
0.02169532108694	1.0000000000000027
0.02182735377626	0.9999999999999986
0.0219594755936	1.0000000000000007
0.0220916883048	0.9999999999999996
0.02222399371876	0.9999999999999992
0.02235639368845	1.000000000000002
0.02248889011197	0.999999999999996
0.02262148493356	1.0000000000000004
0.02275418014474	0.9999999999999986
0.02288697778542	0.9999999999999976
0.02301987994504	1.0000000000000027
0.02315288876384	0.9999999999999988
0.023286006434	0.9999999999999986
0.02341923520101	0.9999999999999978
0.02355257736495	1.0000000000000013
0.02368603528183	0.9999999999999951
0.02381961136504	1.0000000000000004
0.02395330808676	0.9999999999999992
0.0240871279795	0.9999999999999992
0.02422107363761	0.9999999999999981
0.02435514771885	0.9999999999999992
0.02448935294612	1.0000000000000016
0.02462369210909	0.9999999999999996
0.02475816806597	1.0000000000000024
0.02489278374534	1.0
0.025027542148	1.0000000000000002
0.02516244634895	1.000000000000004
0.02529749949933	1.0000000000000016
0.02543270482853	0.9999999999999996
0.02556806564633	1.000000000000002
0.02570358534508	0.9999999999999974
0.02583926740201	0.9999999999999993
0.02597511538158	1.0000000000000016
0.02611113293793	1.0000000000000038
0.02624732381741	0.9999999999999989
0.02638369186122	1.0
0.02652024100807	0.9999999999999998
0.02665697529704	1.0000000000000004
0.02679389887044	0.9999999999999998
0.02693101597686	1.0000000000000024
0.02706833097427	1.0000000000000022
0.02720584833324	0.9999999999999996
0.0273435726403	1.0000000000000009
0.02748150860144	1.0000000000000027
0.02761966104564	0.9999999999999984
0.0277580349287	0.999999999999999
0.02789663533702	0.9999999999999992
0.02803546749171	1.00000283105601
0.0281745367527	0.9999977858477995
0.0283138486231	1.0000074020028138
0.02845340875372	0.999999095393327
0.02859322294771	1.0000035838291625
0.02873329716546	1.0000016154224527
0.02887363752965	0.9999984254888015
0.02901425033046	1.0000058574520456
0.02915514203113	0.9999963712218112
0.02929631927355	1.0000077270619538
0.02943778888424	0.999997382556307
0.02957955788052	1.0000023771135718
0.02972163347688	1.0000033669925743
0.02986402309175	1.0000000335524772
0.03000673435439	1.000003707497863
0.03014977511221	1.0000034348615292
0.03029315343836	1.0000031849449726
0.03043687763959	0.9999993167235084
0.03058095626456	1.0000026691348338
0.03072539811242	0.999998832360954
0.03087021224185	1.0000042178972663
0.03101540798042	1.000000326295483
0.03116099493447	1.0000000031527105
0.03130698299937	1.0000044381563975
0.03145338237025	1.0000049105245095
0.03160020355332	1.0000049083479738
0.03174745737758	0.9999968424649749
0.03189515500721	1.0000037750086408
0.03204330795451	0.9999983746528402
0.03219192809342	1.0000032309944353
0.03234102767375	0.9999995664638065
0.03249061933614	1.0000004806010538
0.03264071612765	0.999999730326436
0.03279133151829	1.0000022610442203
0.03294247941823	0.9999997100339626
0.03309417419601	1.0000007674723337
0.03324643069766	1.0000033904097119
0.03339926426676	1.0000015998361487
0.03355269076567	0.999997761527512
0.03370672659778	1.0000033188763795
0.03386138873106	0.9999982662816904
0.03401669472285	1.0000016813294996
0.03417266274599	0.999999937723351
0.03432931161644	0.9999995184863316
0.03448666082248	1.0000008828907407
0.03464473055554	0.9999995316678081
0.0348035417428	1.0000001974111217
0.03496311608172	1.0000002530891967
0.03512347607659	0.9999992701591117
0.03528464507728	1.0000006492411897
0.0354466473203	0.9999995001566488
0.03560950797239	0.9999979883866821
0.0357732531768	1.0000038658207697
0.03593791010248	0.9999961490382078
0.03610350699634	1.0000017717422425
0.03627007323895	0.9999972461041935
0.03643763940375	1.0000034140673624
0.03660623732026	0.9999954138816588
0.03677590014142	1.000001739751903
0.03694666241553	0.9999978570068072
0.03711856016306	0.9999999731232596
0.03729163095885	1.000001137891759
0.03746591402005	0.9999959035099582
0.03764145030028	0.9999998255922394
0.03781828259067	0.9999988240740213
0.03799645562824	0.999996841814581
0.03817601621234	0.9999960507863926
0.03835701332991	0.9999959002834551
0.03853949829019	1.000002904649279
0.03872352487007	0.9999942264975495
0.03890914947066	1.0000023911405014
0.03909643128657	0.999995937636744
0.03928543248881	1.0000002468513636
0.03947621842279	0.9999978762999812
0.03966885782295	0.9999966619011045
0.03986342304559	1.000000386651828
0.04005999032187	0.9999946437916886
0.04025864003303	0.9999984159949658
0.04045945701023	0.9999948780499368
0.04066253086167	0.999990811400839
0.04086795632993	0.9999903990383062
0.04107583368297	0.9999860011094257
0.04128626914261	0.9999813590382353
0.04149937535478	0.9999876321460955
0.04171527190658	0.9999901953722519
0.04193408589559	0.9999940107136821
0.04215595255803	1.0000004225660313
0.04238101596292	0.9999891284269004
0.04260942978078	0.9999902022098065
0.04284135813639	0.9999858897002214
0.04307697655692	0.9999735426094949
0.04331647302802	0.9999663099690387
0.04356004917299	0.99994952582036
0.04380792157228	0.9999306058218738
0.04406032324328	0.9999162529025896
0.04431750530424	0.9998922813274819
0.04457973884975	0.9998703963124899
0.04484731707018	0.9998434021890906
0.04512055765364	0.9998214226876839
0.04539980551554	0.9998067475714526
0.04568543590981	0.9997808323047899
0.04597785798597	0.9997729147461609
0.04627751886903	0.999752517635151
0.04658490835465	0.999731708196834
0.04690056433097	0.9997393661524867
0.04722507906251	0.9997217794745672
0.04755910650016	0.9997145907617329
0.04790337081834	0.9997227270007549
0.04825867642553	0.9997303589798563
0.04862591975196	0.9997409971513732
0.0490061031901	0.9997660096572655
0.04940035165525	0.9997889491397822
0.04980993234916	0.9998244760345288
0.0502362784573	0.9998608811537087
0.05068101769834	0.9998882136812947
0.05114600688408	0.9999421634072145
0.05163337395279	0.9999490116298884
0.05214556932509	1.0000074550942148
0.05268542891481	0.9999638921907887
0.05325625172236	0.999983260541519
0.05386189564734	0.9999878607618835
0.05450689595254	0.9999732215359723
0.0551966115989	0.9999534076255174
0.05593740521074	0.9999435801954718
0.05673686219586	0.999961693608783
0.05760405244478	0.9999528592601378
0.0585498319372	0.9999949594752239
0.05958716754292	0.999971129876444
0.06073143955298	1.0000111035625507
0.06200062286239	1.0010021241114382
0.06341515815932	1.0031048930397153
0.06499719917049	1.0064215091352915
0.06676880656213	1.0108499406139257
0.06874870407238	1.0160127298101043
0.07094769639347	1.0213486449343252
0.07336395668624	1.0259044884646045
0.07598059813081	1.028555342487023
0.07876773533496	1.0282272089452684
0.0816887378354	1.0242754702634764
0.0847075518302	1.016602249446127
0.08779379077385	1.0056549577454226
0.09092453788023	0.9924237773519322
0.09408379349376	0.9786989069353148
0.09726094932834	0.966584617229517
0.1004492031736	0.9578721226306083
0.1036442846799	0.9537344962468982
0.1068435479966	0.9547063450692196
0.1100453669311	0.9607172745011091
0.1132487468118	0.9710330228150402
0.1164530809418	0.9845365817126012
0.1196579998146	0.9996714725912478
0.1228632785095	1.0147982241715099
0.1260687800931	1.0281479744534003
0.1292744211276	1.0382358413501813
0.1324801506878	1.0439783805338203
0.1356859376085	1.0447245200533424
0.1388917627388	1.0406132784619502
0.1420976142381	1.0321786614704818
0.1453034847194	1.0205234112627166
0.1485093695147	1.0070265559822593
0.1517152656202	0.9931337885832415
0.1549211710559	0.9803713472544457
0.1581270844746	0.9699237214255254
0.1613330049247	0.9626871077306827
0.1645389317044	0.959277128126395
0.1677448642728	0.9598800334452825
0.1709508021951	0.9642728221157226
0.1741567451082	0.9719106381241805
0.1773626926999	0.9819219278672128
0.1805686446947	0.9931564740778603
0.1837746008458	1.0045586715814698
0.1869805609287	1.0149550337012336
0.1901865247375	1.0232742781213922
0.1933924920821	1.0287236094994967
0.1965984627862	1.0308557748283378
0.1998044366855	1.0296784316051777
0.2030104136268	1.0254704088405633
0.2062163934666	1.0189052506547047
0.2094223760706	1.0107338901074954
0.2126283613127	1.0020253772915562
0.2158343490742	0.9936423613388925
0.2190403392437	0.9863596645498605
0.2222463317163	0.980693866159184
0.2254523263929	0.9770506984274255
0.2286583231802	0.9756820819728461
0.23186432199	0.9766181584711651
0.235070322739	0.9797233974559278
0.2382763253485	0.9846244440217466
0.2414823297437	0.9907562211516759
0.2446883358542	0.9974326118848403
0.2478943436128	1.0039407287001592
0.2511003529561	1.0096135178022227
0.2543063638238	1.0140296206358925
0.2575123761585	1.0168669524886913
0.2607183899059	1.0179768428905087
0.2639244050141	1.0172978323235364
0.2671304214338	1.0150283069118489
0.2703364391181	1.0114496663067913
0.2735424580224	1.0069302833890108
0.2767484781038	1.002015917934235
0.2799544993219	0.9972541515445869
0.2831605216376	0.9930905285255779
0.2863665450141	0.9898579297832693
0.2895725694158	0.9877809503185832
0.2927785948089	0.9869663416175116
0.295984621161	0.9874238322569321
0.2991906484411	0.9889814852230928
0.3023966766195	0.9914488184281948
0.3056027056678	0.9945277564345081
0.3088087355588	0.9979183104322112
0.3120147662664	1.0012189891302483
0.3152207977655	1.004144256440391
0.3184268300321	1.0064773099735354
0.3216328630432	1.0080364629028444
0.3248388967765	1.0087024059732461
0.3280449312108	1.008516238026413
0.3312509663257	1.0074743292643207
0.3344570021015	1.0058495610472937
0.3376630385193	1.0037392453489513
0.3408690755608	1.0014950550195787
0.3440751132086	0.999323601604041
0.3472811514458	0.9974377753955919
0.3504871902561	0.9959262083052978
0.353693229624	0.9949278263380748
0.3568992695342	0.9945109478289622
0.3601053099723	0.9946620972769404
0.3633113509241	0.9953600482721471
0.3665173923763	0.9965248190096028
0.3697234343156	0.997992217902661
0.3729294767296	0.999600847279584
0.3761355196059	1.0010976151546611
0.3793415629328	1.0023931670514632
0.382547606699	1.0034235088914203
0.3857536508934	1.004088490283903
0.3889596955055	1.0044293639582198
0.3921657405249	1.004360163415952
0.3953717859416	1.0039714911215525
0.3985778317461	1.0032615223709445
0.4017838779291	1.0023412706498518
0.4049899244814	1.001290642198193
0.4081959713944	1.0002515310574527
0.4114020186597	0.999326049893481
0.4146080662689	0.998613307934463
0.4178141142142	0.9980864222558251
0.4210201624878	0.997814130925333
0.4242262110824	0.9977598993741212
0.4274322599905	0.9978962445556102
0.4306383092053	0.9981833346808516
0.4338443587198	0.9985880641887654
0.4370504085275	0.9990495424946106
0.4402564586219	0.9995119043656512
0.4434625089968	0.9998774562355509
0.4466685596461	1.000069081509333
0.449874610564	1.000008877356385
0.4530806617447	0.9999999999999981
0.4562867131826	0.9999999999999992
0.4594927648724	0.9999999999999971
0.4626988168088	1.000000000000001
0.4659048689867	0.999999999999999
0.4691109214011	1.0000000000000022
0.4723169740473	0.9999999999999983
0.4755230269203	0.9999999999999996
0.4787290800159	1.0000000000000004
0.4819351333293	1.0
0.4851411868564	0.9999999999999996
0.4883472405929	0.9999999999999984
0.4915532945347	1.0
0.4947593486778	0.9999999999999998
0.4979654030183	1.0000000000000009
0.5011714575523	0.9999999999999997
0.5043775122763	1.000000000000001
0.5075835671865	1.0000000000000002
0.5107896222795	1.0000000000000009
0.5139956775518	0.9999999999999989
0.5172017330001	1.0000000000000002
0.5204077886211	1.0000000000000009
0.5236138444117	0.9999999999999997
0.5268199003686	1.000000000000001
0.530025956489	1.0000000000000004
0.5332320127699	0.9999999999999989
0.5364380692083	0.9999999999999994
0.5396441258014	1.000000000000001
0.5428501825465	0.9999999999999996
0.546056239441	0.9999999999999988
0.5492622964821	1.0000000000000002
0.5524683536674	0.999999999999999
0.5556744109943	0.9999999999999986
0.5588804684603	1.0
0.5620865260632	1.000000000000001
0.5652925838005	1.0000000000000002
0.56849864167	0.9999999999999982
0.5717046996694	1.0
0.5749107577966	1.0
0.5781168160495	0.9999999999999997
0.5813228744259	1.000000000000001
0.5845289329238	0.9999999999999992
0.5877349915412	1.0000000000000002
0.5909410502762	0.999999999999999
0.5941471091269	1.000000000000001
0.5973531680913	0.9999999999999988
0.6005592271677	0.9999999999999994
0.6037652863543	0.9999999999999991
0.6069713456494	1.0000000000000007
0.6101774050511	1.0000000000000016
0.6133834645579	0.9999999999999993
0.616589524168	1.0
0.61979558388	1.0000000000000002
0.6230016436921	0.9999999999999994
0.6585397310065	1.0000000000000007
0.700953674205	0.9999999999999999
0.7538586331428	0.9999999999999991
0.824158216878	0.999999999999999
0.9261319148319	1.0000000000000009
1.088510449673	1.0
