0	1
0.0003653988748633	1.0000000000000002
0.0003891544332518	1.0000000000000009
0.0004142206665243	1.0
0.0004407207590611	1.0000000000000038
0.0004687872012812	0.9999999999999973
0.000498561755323	0.9999999999999978
0.0005301951107486	1.000000000000002
0.0005638461410765	0.9999999999999996
0.0005996806667085	1.0000000000000007
0.0006378696329946	0.9999999999999984
0.0006785866279628	1.0000000000000004
0.0007220046968204	1.000000000000002
0.0007682924627466	0.9999999999999991
0.0008176096359889	1.0000000000000036
0.0008701020815529	0.9999999999999976
0.0009258967096019	1.0000000000000007
0.0009850965359271	1.0000000000000007
0.001047776312675	0.9999999999999993
0.001113979133079	0.9999999999999988
0.001183714356584	0.9999999999999996
0.001256957083703	1.0000000000000036
0.001333649249459	1.0000000000000027
0.001413702229071	1.0000000000000036
0.001497000692822	1.0000000000000018
0.001583407337151	0.9999999999999983
0.001672768071581	1.000000000000002
0.001764917255908	0.9999999999999993
0.001859682646043	0.9999999999999962
0.001956889799371	0.9999999999999998
0.002056365790596	1.0000000000000007
0.002157942180099	0.9999999999999986
0.002261457248913	1.0000000000000009
0.002366757564059	0.9999999999999976
0.002473698966321	0.9999999999999992
0.002582147083663	0.9999999999999979
0.002691977472214	1.0000000000000009
0.002803075477761	1.0000000000000016
0.002915335897703	1.0000000000000002
0.003028662509224	0.9999999999999994
0.003142967515665	1.0000000000000024
0.003258170950821	0.9999999999999992
0.003374200070399	1.0000000000000024
0.00349098875147	0.9999999999999977
0.00360847691398	0.9999999999999993
0.003726609973328	1.0000000000000024
0.003845338329184	1.0000000000000002
0.003964616892956	0.9999999999999986
0.004084404654366	0.9999999999999978
0.004204664286294	0.999999999999997
0.004325361786161	0.9999999999999996
0.004446466151636	0.9999999999999976
0.004567949088162	0.9999999999999991
0.004689784745697	1.0
0.004811949482103	1.0000000000000007
0.004934421650675	0.9999999999999986
0.005057181409468	0.9999999999999981
0.005180210550224	1.000000000000001
0.005303492344894	0.9999999999999984
0.005427011407914	0.9999999999999983
0.005550753572568	1.0000000000000009
0.005674705779948	1.0000000000000002
0.005798855979157	1.0000000000000013
0.005923193037556	0.9999999999999999
0.006047706659966	1.0000000000000004
0.006172387315892	0.9999999999999982
0.006297226173879	0.9999999999999996
0.006422215042275	1.0000000000000002
0.006547346315699	0.9999999999999986
0.006672612926626	0.999999999999999
0.006798008301555	1.000000000000001
0.006923526321273	1.0000000000000009
0.007049161284812	0.9999999999999993
0.007174907876704	0.9999999999999999
0.007300761137208	0.9999999999999999
0.007426716435216	0.9999999999999992
0.007552769443559	1.0000000000000004
0.007678916116487	1.0000000000000002
0.007805152669107	0.9999999999999984
0.007931475558585	1.0000000000000013
0.00805788146696	0.9999999999999978
0.008184367285388	0.9999999999999992
0.008310930099713	0.9999999999999993
0.008437567177223	0.9999999999999994
0.008564275954485	1.000000000000003
0.008691054026163	1.0000000000000022
0.008817899134736	1.0000000000000024
0.00894480916102	0.9999999999999982
0.009071782115443	0.9999999999999993
0.009198816129988	1.000000000000002
0.009325909450765	0.9999999999999991
0.009453060431142	0.9999999999999974
0.009580267525397	0.9999999999999998
0.009707529282846	0.9999999999999993
0.009834844342406	1.0000000000000004
0.009962211427558	0.9999999999999981
0.01008962934168	0.9999999999999963
0.0102170969637	0.9999999999999977
0.01034461324411	1.0000000000000029
0.0104721772012	0.9999999999999989
0.01059978791761	1.0000000000000004
0.0107274445371	1.0000000000000042
0.01085514626155	1.0000000000000004
0.01098289234818	1.0000000000000016
0.01111068210696	0.9999999999999977
0.01123851489815	1.0
0.01136639013013	1.0000000000000022
0.01149430725723	0.9999999999999992
0.01162226577783	0.9999999999999974
0.01175026523251	1.0000000000000016
0.01187830520237	1.0000000000000007
0.01200638530745	1.0000000000000007
0.01213450520526	0.999999999999998
0.01226266458942	0.9999999999999982
0.01239086318837	0.9999999999999987
0.01251910076418	0.9999999999999996
0.01264737711146	0.9999999999999976
0.01277569205635	0.9999999999999991
0.01290404545549	1.0000000000000024
0.01303243719524	0.9999999999999968
0.01316086719077	1.0000000000000042
0.01328933538533	0.9999999999999998
0.01341784174956	1.000000000000004
0.01354638628081	0.9999999999999982
0.01367496900255	0.9999999999999979
0.0138035899638	1.0000000000000038
0.01393224923865	0.9999999999999981
0.01406094692578	1.000000000000001
0.01418968314803	0.9999999999999998
0.014318458052	0.9999999999999956
0.01444727180772	0.9999999999999986
0.01457612460833	0.9999999999999991
0.01470501666979	1.0000000000000022
0.01483394823065	1.0000000000000002
0.01496291955178	1.0000000000000016
0.01509193091623	1.0000000000000016
0.01522098262905	1.0000000000000002
0.01535007501715	0.9999999999999986
0.01547920842916	1.0000000000000013
0.01560838323542	1.0000000000000004
0.01573759982784	0.9999999999999998
0.01586685861989	0.9999999999999996
0.0159961600466	1.0000000000000022
0.01612550456455	0.9999999999999981
0.01625489265188	1.000000000000002
0.01638432480838	0.9999999999999998
0.01651380155552	1.0000000000000004
0.01664332343654	1.0000000000000009
0.01677289101659	1.0000000000000022
0.01690250488282	0.9999999999999996
0.01703216564453	0.9999999999999974
0.01716187393335	0.9999999999999986
0.01729163040341	1.0000000000000033
0.01742143573155	0.9999999999999958
0.01755129061751	0.9999999999999981
0.01768119578418	1.0
0.01781115197787	0.9999999999999991
0.01794115996854	1.0000000000000009
0.01807122055013	0.9999999999999981
0.01820133454084	0.9999999999999993
0.01833150278343	1.0
0.01846172614561	1.0000000000000007
0.01859200552035	1.000000000000001
0.0187223418263	0.9999999999999998
0.01885273600812	0.9999999999999961
0.01898318903695	1.0000000000000016
0.01911370191079	0.9999999999999977
0.019244275655	0.9999999999999996
0.01937491132269	1.0000000000000002
0.01950560999526	0.9999999999999993
0.0196363727829	0.9999999999999996
0.01976720082507	1.0000000000000018
0.01989809529109	0.9999999999999979
0.02002905738065	1.0000000000000027
0.02016008832443	1.0000000000000004
0.02029118938469	0.9999999999999959
0.02042236185587	1.0
0.02055360706528	0.9999999999999974
0.02068492637371	0.9999999999999976
0.02081632117614	0.9999999999999989
0.0209477929025	0.999999999999997
0.02107934301829	0.9999999999999978
0.02121097302548	0.9999999999999993
0.02134268446315	0.999999999999998
0.02147447890843	0.9999999999999991
0.02160635797723	0.9999999999999984
0.02173832332516	1.0000000000000024
0.0218703766484	0.9999999999999978
0.02200251968462	0.9999999999999989
0.02213475421393	0.9999999999999978
0.02226708205984	0.9999999999999971
0.02239950509028	0.9999999999999992
0.02253202521866	0.9999999999999971
0.02266464440489	0.9999999999999999
0.02279736465652	1.0000000000000042
0.02293018802989	0.9999999999999986
0.02306311663128	0.9999999999999997
0.02319615261813	1.0000000000000007
0.02332929820031	0.999999999999999
0.0234625556414	1.0000000000000004
0.02359592725999	0.9999999999999988
0.02372941543115	1.0
0.02386302258772	0.9999999999999989
0.02399675122189	1.0000000000000004
0.02413060388666	1.0000000000000007
0.02426458319738	0.9999999999999974
0.02439869183341	1.0000000000000016
0.02453293253977	0.9999999999999989
0.02466730812884	1.000000000000001
0.02480182148215	0.9999999999999957
0.0249364755522	0.9999999999999998
0.02507127336439	0.9999999999999964
0.02520621801893	0.999999999999998
0.0253413126929	1.000000000000002
0.02547656064231	1.0000000000000007
0.02561196520429	1.0000000000000004
0.02574752979932	0.9999999999999957
0.02588325793351	0.9999999999999977
0.02601915320105	0.9999999999999987
0.02615521928662	0.9999999999999993
0.02629145996798	0.9999999999999991
0.02642787911862	0.9999999999999996
0.02656448071051	0.9999999999999979
0.02670126881692	0.9999999999999983
0.02683824761536	1.0000000000000009
0.02697542139063	1.0000000000000038
0.02711279453801	1.0000000000000038
0.02725037156646	0.9999999999999991
0.02738815710208	0.9999999999999992
0.02752615589158	0.9999999999999984
0.02766437280595	1.0000000000000004
0.02780281284422	0.9999999999999961
0.0279414811374	0.9999999999999972
0.02808038295256	1.0000017013420457
0.02821952369705	0.9999956124020404
0.02835890892287	1.000001334629599
0.02849854433127	1.0000085011768975
0.02863843577745	0.9999997736595753
0.02877858927554	1.0000026964223747
0.02891901100366	1.0000000270395148
0.02905970730928	1.0000032269414325
0.02920068471477	1.000004658106152
0.02934194992313	1.0000052776407884
0.02948350982405	1.000005478800689
0.02962537150009	1.0000026195674896
0.02976754223325	0.9999981543776814
0.02991002951172	1.0000075600935798
0.03005284103695	0.999998113075132
0.03019598473107	1.0000015055259568
0.0303394687445	1.0000030094538117
0.03048330146406	1.00000000192022
0.03062749152127	1.0000032092616313
0.03077204780115	0.9999999984023344
0.03091697945134	1.0000013427695535
0.03106229589162	1.0000031402809195
0.03120800682395	0.9999988723662225
0.03135412224285	1.0000047289276113
0.03150065244634	1.0000068250660947
0.03164760804738	1.0000027038626327
0.03179499998583	0.9999942411515038
0.03194283954099	1.0000131495133942
0.03209113834472	0.9999935860985207
0.03223990839527	1.000000104898803
0.03238916207166	1.0000074192329622
0.03253891214888	0.9999978703993824
0.03268917181381	1.000001054758311
0.03283995468197	1.0000016430314667
0.03299127481501	0.9999991766022488
0.0331431467393	1.0000016083070211
0.03329558546527	0.9999980054804273
0.03344860650794	1.0000054428581164
0.03360222590843	0.9999965938413257
0.03375646025666	1.0000009726287606
0.03391132671529	1.000004531673667
0.03406684304497	1.0000017925989015
0.03422302763096	0.9999976503303907
0.03437989951124	1.000004973149213
0.03453747840629	0.9999951176563241
0.03469578475047	1.0000016258814066
0.03485483972524	1.000004546555422
0.03501466529442	0.9999931055439489
0.03517528424138	1.0000019459238483
0.03533672020861	1.0000042822507214
0.03549899773956	0.9999923639690934
0.03566214232316	1.0000046582295317
0.03582618044102	0.9999974322671762
0.03599113961765	1.0000025022880155
0.03615704847384	0.999997393473908
0.03632393678349	0.9999971190812743
0.03649183553418	1.0000052724041972
0.03666077699165	0.9999947404603787
0.03683079476875	1.0000000016403485
0.03700192389889	1.0000008538842704
0.03717420091466	0.9999959578696553
0.03734766393189	1.000001511157525
0.03752235273963	0.9999980254756998
0.03769830889655	0.9999959429848836
0.03787557583439	0.9999965291204305
0.03805419896898	0.9999935892055264
0.03823422581954	0.9999973976180301
0.03841570613704	1.0000019876113782
0.03859869204239	0.9999946961526457
0.03878323817542	1.0000017655291038
0.03896940185564	0.9999967523949789
0.0391572432559	1.000001177516946
0.03934682559028	0.9999945503941926
0.03953821531746	0.9999963243007082
0.03973148236129	0.9999979051624347
0.03992670035017	1.0000005547479367
0.04012394687729	0.9999931258426171
0.04032330378388	1.000001045714305
0.04052485746786	0.9999954891518015
0.04072869922079	0.9999904116452131
0.04093492559616	0.9999879372320789
0.04114363881254	1.0000023517979841
0.04135494719558	0.9999975194343506
0.04156896566347	0.9999877062656498
0.04178581626084	1.0000001138916277
0.04200562874721	0.9999953117695919
0.04222854124642	0.9999886843331237
0.04245470096489	0.9999880427501189
0.04268426498749	0.9999926683016358
0.04291740116106	1.000001992151245
0.04315428907732	0.9999903131435134
0.04339512116864	1.0000019460143168
0.04364010393238	0.9999897515773952
0.04388945930189	1.0000027760803498
0.04414342618552	0.9999900214029424
0.0444022621984	1.0000050336046027
0.04466624561618	0.9999820493593714
0.04493567758496	1.000003013379881
0.04521088462807	0.9999928552537267
0.04549222149765	0.9999715631725501
0.04578007442821	0.9999722296450376
0.04607486486041	0.9999792712675613
0.04637705371696	0.9999821790112255
0.04668714632888	1.0000070669114631
0.04700569813127	0.9999711521117358
0.04733332127262	1.0000176298230106
0.04767069231361	0.9999710300972449
0.04801856123035	0.999972630607732
0.0483777619862	1.0000318341927905
0.0487492249984	0.9999461101944094
0.04913399190361	0.9999584351038799
0.04953323312554	0.9999994041341823
0.04994826887339	0.999977202132828
0.05038059436014	0.9999314052265768
0.05083191023345	0.9999186020940066
0.05130415947202	0.9998595962133993
0.05179957233089	0.9998221376985282
0.05232072133542	0.9998284726956922
0.05287058884439	0.9997812678736198
0.05345265033618	0.9997904474932185
0.05407097731585	0.9997513717118476
0.05473036454936	0.9997630838465927
0.05543648707204	0.9997771892168481
0.05619609277682	0.9998133883436827
0.05701723568505	0.999870015342147
0.05790955186511	0.9999690221998124
0.058884571749	1.0000092978234736
0.059956044523	0.9998976940686078
0.06114021442119	1.0003426178554358
0.06245592409936	1.0018613937659
0.06392431736252	1.004543275399911
0.06556778260904	1.0083521251070382
0.06740769314792	1.0132072749865368
0.06946065850581	1.0186123803564746
0.07173369428296	1.023811997849223
0.07421997417262	1.0278141415925364
0.07689775118475	1.02957145677412
0.07973403435172	1.0279934502210883
0.08269163137667	1.0226031900493537
0.08573600032294	1.0136652918520832
0.08883922121818	1.0017369812508807
0.0919808471373	0.9880147505584062
0.09514688363801	0.9745800741409295
0.09832817166005	0.9634216832463735
0.1015188865996	0.9561458199388362
0.1047153906562	0.9536843988194585
0.1079154370362	0.9563533992512712
0.1111176474619	0.9638386482614852
0.1143211798502	0.9753091858957722
0.1175255208939	0.9893421589096455
0.1207303580519	1.0044609612184778
0.1239355010826	1.0189534555227318
0.127140834141	1.0310401515657355
0.1303462866066	1.0393683084110517
0.1335518153437	1.0431957337879652
0.1367573939225	1.0419525182339813
0.1399630060724	1.036110852196856
0.1431686417067	1.0263501354945703
0.1463742945087	1.0138739878528107
0.1495799604646	1.0001085157645175
0.1527856369725	0.9867157197078442
0.1559913223002	0.9748876299972277
0.1591970152549	0.9657910542610029
0.1624027149821	0.9601418940067036
0.1656084208422	0.9584606659113281
0.168814132335	0.960744497364211
0.1720198490529	0.9666511011375681
0.1752255706517	0.9754940705690588
0.1784312968329	0.9862002122156599
0.1816370273315	0.997750724188504
0.1848427619086	1.0089328241805786
0.1880485003464	1.0185541539021137
0.1912542424447	1.0257432074009234
0.1944599880181	1.0298757256513504
0.1976657368945	1.0306040909621783
0.2008714889136	1.0280263712123117
0.2040772439254	1.022730040792516
0.2072830017897	1.0153130683910185
0.2104887623749	1.006811214136641
0.2136945255575	0.9981503565353728
0.2169002912215	0.9902537991345315
0.2201060592575	0.9837405230135228
0.2233118295627	0.9790526390018182
0.22651760204	0.9765106441652193
0.2297233765978	0.9762789280316061
0.2329291531497	0.978340891764471
0.2361349316139	0.9823493941897775
0.239340711913	0.9879851176580622
0.2425464939738	0.9944672413970383
0.2457522777269	1.0011924673790233
0.2489580631065	1.0072986165035638
0.2521638500502	1.012384680845305
0.2553696384987	1.0160383377330904
0.2585754283958	1.0179644324128692
0.2617812196878	1.0181176394647118
0.2649870123238	1.0165073051212723
0.2681928062554	1.0134809466992378
0.2713986014364	1.0093228603914104
0.2746043978227	1.0044566930583165
0.2778101953724	0.9994396560625397
0.2810159940455	0.9948900190605579
0.2842217938037	0.9911466994678161
0.2874275946105	0.9884727676136651
0.290633396431	0.9869492466427072
0.293839199232	0.9867129565761472
0.2970450029814	0.987678943434363
0.3002508076487	0.9896256674605616
0.3034566132046	0.9923176755070428
0.3066624196213	0.9953729668972577
0.3098682268717	0.9984035441595301
0.3130740349303	1.0011145768828524
0.3162798437721	1.0031814882138663
0.3194856533737	1.0044551582245074
0.3226914637122	1.004992015726857
0.3258972747657	1.0048012501766912
0.3291030865133	1.003910789314998
0.3323088989348	1.0027761010501088
0.3355147120108	1.0014827441189516
0.3387205257226	1.0004340654279928
0.3419263400522	0.9999443360304517
0.3451321549824	1.000015570291661
0.3483379704964	0.999806650266142
0.3515437865783	0.9993805399197978
0.3547496032125	0.9989402981649609
0.3579554203843	0.9985373258108496
0.3611612380791	0.9984021856552341
0.3643670562832	0.9984552532787024
0.3675728749831	0.9987773192080731
0.3707786941659	0.9993029239395792
0.3739845138192	0.9998939865394398
0.3771903339309	1.000440449953942
0.3803961544893	1.0008845957647066
0.3836019754833	1.0012027850773941
0.386807796902	1.0013135187512003
0.3900136187347	1.0012270099303784
0.3932194409715	1.0010707234378087
0.3964252636023	1.0007741577989364
0.3996310866178	1.0004243154631056
0.4028369100087	1.0001278489192598
0.406042733766	0.999964355118217
0.4092485578811	1.0000271672136791
0.4124543823457	0.9999863591380486
0.4156602071516	0.9999542616025061
0.4188660322909	1.0000086908718837
0.4220718577561	0.9999362037206123
0.4252776835397	0.9999208363596316
0.4284835096345	0.9998663372789379
0.4316893360337	0.9998800152045071
0.4348951627304	0.9999001564013953
0.4381009897181	0.999927680920609
0.4413068169904	0.9999744224398969
0.4445126445412	1.0000264701070496
0.4477184723643	0.9999860281302407
0.4509243004542	1.0000000000000016
0.4541301288049	1.0000000000000018
0.4573359574111	1.0000000000000002
0.4605417862674	0.9999999999999981
0.4637476153685	0.9999999999999998
0.4669534447095	0.9999999999999993
0.4701592742853	0.9999999999999988
0.4733651040913	1.0000000000000007
0.4765709341227	1.0000000000000013
0.4797767643751	1.0000000000000002
0.4829825948439	1.0000000000000007
0.4861884255249	0.9999999999999992
0.489394256414	1.0000000000000007
0.492600087507	0.999999999999999
0.4958059188	1.0000000000000013
0.4990117502891	0.9999999999999999
0.5022175819705	1.0000000000000013
0.5054234138406	1.0000000000000009
0.5086292458958	1.0000000000000004
0.5118350781326	1.0000000000000004
0.5150409105476	1.0000000000000004
0.5182467431375	1.0000000000000002
0.5214525758991	0.9999999999999972
0.5246584088291	1.0000000000000002
0.5278642419245	0.9999999999999994
0.5310700751824	1.0000000000000007
0.5342759085997	1.0000000000000009
0.5374817421737	1.0000000000000013
0.5406875759015	1.0000000000000009
0.5438934097803	0.9999999999999999
0.5470992438076	0.9999999999999986
0.5503050779808	1.0000000000000013
0.5535109122972	1.0000000000000009
0.5567167467544	0.9999999999999979
0.55992258135	1.0000000000000004
0.5631284160816	0.9999999999999989
0.5663342509469	1.000000000000001
0.5695400859436	1.0000000000000004
0.5727459210695	1.0000000000000002
0.5759517563225	1.000000000000002
0.5791575917005	1.0000000000000009
0.5823634272013	1.0000000000000004
0.5855692628229	1.0
0.5887750985634	0.9999999999999989
0.5919809344208	1.0000000000000022
0.5951867703933	1.0000000000000007
0.598392606479	0.9999999999999981
0.601598442676	0.9999999999999994
0.6048042789826	1.0
0.608010115397	1.0000000000000007
0.6112159519176	1.0
0.6144217885427	1.0000000000000002
0.6176276252707	1.0
0.6208334620999	1.0000000000000007
0.6240392990288	1.0000000000000004
0.6272451360558	1.000000000000001
0.6304509731795	1.000000000000001
0.6336568103984	1.0000000000000009
0.6368626477111	1.0000000000000002
0.6400684851161	1.0000000000000013
0.643274322612	0.9999999999999998
0.6464801601975	0.9999999999999991
0.6496859978713	0.9999999999999999
0.652891835632	0.9999999999999993
0.6560976734785	1.000000000000001
0.6593035114093	1.0000000000000009
0.6625093494234	0.9999999999999994
0.6657151875194	0.9999999999999997
0.6689210256963	1.0000000000000004
0.6721268639529	0.9999999999999984
0.6753327022879	1.0000000000000004
0.6785385407003	0.9999999999999997
0.6817443791891	1.0000000000000004
0.6849502177531	1.0000000000000002
0.6881560563913	1.0000000000000004
0.6913618951026	0.9999999999999989
0.6945677338861	1.0000000000000013
0.6977735727406	0.9999999999999999
0.7009794116654	0.9999999999999998
0.7041852506593	0.9999999999999998
0.7073910897215	0.999999999999998
0.710596928851	0.9999999999999999
0.713802768047	1.0000000000000016
0.7170086073084	0.9999999999999993
0.7202144466346	0.9999999999999991
0.7234202860245	1.0
0.7266261254773	0.9999999999999986
0.7298319649922	1.0
0.7330378045685	0.9999999999999992
0.7362436442052	0.9999999999999997
0.7394494839017	1.000000000000002
0.742655323657	1.0000000000000018
0.7458611634706	1.0000000000000002
0.7490670033415	0.9999999999999997
0.7522728432691	0.9999999999999992
0.7554786832527	1.0000000000000016
0.7586845232916	1.0000000000000002
0.7618903633849	0.999999999999999
0.7650962035322	1.0000000000000022
0.7683020437326	1.0
0.7715078839856	1.0000000000000002
0.7747137242904	1.0000000000000002
0.7779195646465	0.9999999999999994
0.7811254050531	0.9999999999999998
0.7843312455097	1.0000000000000002
0.7875370860157	0.9999999999999998
0.7907429265704	0.9999999999999981
0.7939487671733	1.0000000000000004
0.7971546078238	0.9999999999999994
0.8003604485213	1.000000000000001
0.8035662892653	1.0000000000000007
0.8067721300551	0.9999999999999982
0.8099779708903	1.0000000000000013
0.8131838117703	0.9999999999999989
0.8163896526946	1.0000000000000002
0.8195954936626	1.000000000000002
0.8228013346739	1.0000000000000007
0.826007175728	0.9999999999999998
0.8292130168242	1.0000000000000002
0.8324188579623	1.0000000000000007
0.8356246991416	0.9999999999999988
0.8388305403617	0.9999999999999992
0.8420363816222	1.0000000000000004
0.8452422229225	0.9999999999999992
0.8484480642623	0.9999999999999983
0.851653905641	0.999999999999999
0.8548597470582	1.0
0.8580655885136	1.0000000000000007
0.8612714300067	1.0000000000000004
0.864477271537	1.0000000000000018
0.8676831131041	0.9999999999999991
0.8708889547077	1.0000000000000022
0.8740947963473	1.0
0.8773006380226	1.0000000000000004
0.8805064797331	1.0000000000000002
0.8837123214785	1.0000000000000002
0.8869181632583	1.0000000000000002
0.8901240050723	1.0000000000000007
0.89332984692	0.9999999999999993
0.8965356888011	1.0
0.8997415307153	0.9999999999999997
0.9029473726621	0.9999999999999994
0.9061532146412	1.0000000000000002
0.9093590566523	0.9999999999999981
0.9125648986951	1.000000000000001
0.9157707407691	0.9999999999999998
0.9189765828742	1.0000000000000007
0.9221824250099	1.000000000000002
0.9253882671759	0.9999999999999981
0.928594109372	0.9999999999999999
0.9317999515978	0.9999999999999994
0.935005793853	0.999999999999999
0.9382116361373	0.9999999999999984
0.9414174784505	1.0000000000000002
0.9446233207921	1.0000000000000002
0.947829163162	0.9999999999999992
0.9510350055598	1.0000000000000009
0.9542408479852	1.0000000000000004
0.9574466904381	1.0000000000000009
1.139710253338	0.9999999999999996
