0	1
1.041986196432e-05	0.9999999999999999
2.325809944849e-05	0.9999999999999999
3.614119893418e-05	1.0
4.910359349867e-05	1.000000000000001
6.218028211193e-05	0.9999999999999993
7.540713965426e-05	0.9999999999999998
8.882123678549e-05	0.9999999999999997
0.0001024611738942	1.0
0.0001163674333877	1.0000000000000004
0.0001305827546171	1.0
0.0001451525357384	1.0000000000000002
0.0001601252667566	1.0
0.0001755529978273	1.0000000000000004
0.0001914918465403	0.9999999999999997
0.0002080025472767	0.999999999999998
0.0002251510447003	1.000000000000001
0.0002430091318454	1.0000000000000007
0.0002616551308916	0.9999999999999992
0.0002811746113064	0.9999999999999998
0.0003016611352736	0.999999999999997
0.0003232170138423	0.9999999999999998
0.0003459540486404	1.000000000000001
0.0003699942229221	1.0000000000000009
0.0003954702919116	0.9999999999999984
0.0004225262058552	0.9999999999999997
0.000451317280384	1.0000000000000002
0.0004820100089633	1.0000000000000007
0.0005147813937359	1.0000000000000013
0.0005498176578295	0.9999999999999998
0.0005873121997354	1.0000000000000004
0.0006274626657535	1.0000000000000004
0.0006704670574521	1.0000000000000004
0.0007165188640786	0.9999999999999998
0.0007658013171618	0.9999999999999972
0.0008184810005834	1.0
0.0008747011976938	0.9999999999999996
0.0009345754896569	0.9999999999999978
0.0009981822007434	1.0
0.001065560283267	1.0749688022994177
0.001136707128282	1.066405221500379
0.00121157858452	1.0586090525065763
0.001290091202321	1.0515362660803735
0.001372126446911	1.0451376879758596
0.00145753640466	1.0393613310068772
0.001546150379235	1.0341626898927774
0.001637781756277	1.0294918279553338
0.00173223459084	1.025299973138264
0.001829309508334	1.021540365038651
0.001928808668223	1.0181688894651428
0.002030539688055	1.0151445019740417
0.002134318543306	1.0124294427454814
0.002239971538445	1.0099893364910388
0.002347336488603	1.0077931959018376
0.002456263266397	1.0058132567051041
0.00256661386378	1.0040248903087299
0.002678262102415	1.0024062932646203
0.002791093104392	1.0009383121281175
0.002905002612461	0.9996042737809404
0.003019896227964	0.9983892930079274
0.003135688616548	0.9972806295411465
0.00325230271697	0.9962670093220065
0.003369668976706	0.9953386454327513
0.003487724629279	0.9944868088294258
0.003606413021794	0.9937040068120156
0.00372568299653	0.9929835122679509
0.003845488327317	0.9923196581852287
0.003965787209295	0.9917069450064633
0.004086541799358	0.9911411420098825
0.004207717803831	0.9906178638705555
0.004329284109586	0.9901335892651794
0.004451212454666	0.9896854360857277
0.00457347713462	0.9892703881954106
0.004696054740891	0.9888860325224461
0.00481892392787	0.9885301020576458
0.004942065205496	0.9882007389545793
0.005065460754581	0.9878960111863012
0.005189094262286	0.987614591972169
0.005312950775484	0.9873547349785601
0.005437016569966	0.9871154047174454
0.005561279033671	0.9868952370179143
0.005685726562348	0.9866931890496407
0.005810348466229	0.9865094901354577
0.005935134886456	0.9863407752644495
0.006060076720167	0.9861881846480706
0.006185165553252	0.9860501743146658
0.006310393599941	0.985926319958112
0.00643575364844	0.9858158545537071
0.006561239011974	0.9857167209501574
0.006686843484631	0.9856312793872225
0.006812561301485	0.9855564645454966
0.006938387102554	0.985492662138963
0.007064315900169	0.98543939243328
0.007190343049401	0.9853963963913446
0.007316464221238	0.9853620409875405
0.007442675378205	0.9853373614282425
0.007568972752203	0.9853216597392269
0.007695352824324	0.9853139764931659
0.007821812306457	0.9853148522463919
0.007948348124502	0.985323820279256
0.008074957403032	0.985340112475867
0.008201637451271	0.9853636509922666
0.008328385750259	0.9853945761980485
0.008455199941089	0.985432113752888
0.008582077814114	0.9854762959769768
0.008709017299046	0.9855267345503755
0.008836016455851	0.9855829970434689
0.008963073466374	0.9856450205118433
0.009090186626636	0.985712858982682
0.009217354339727	0.9857858963000092
0.009344575109259	0.985863790986006
0.009471847533323	0.9859466955089582
0.009599170298906	0.986034216506259
0.009726542176729	0.986126115714715
0.009853962016481	0.9862222560212969
0.009981428742398	0.9863223233713765
0.01010894134917	0.9864262166090596
0.01023649889817	0.986533849558316
0.01036410051391	0.9866448288007186
0.0104917453808	0.9867593551891201
0.01061943274012	0.9868766635939317
0.01074716188721	0.9869969020518833
0.01087493216886	0.9871200265464598
0.01100274298089	0.9872459887173783
0.01113059376587	0.9873743589097309
0.01125848401106	0.9875047252902929
0.01138641324644	0.9876376617638521
0.01151438104291	0.98777251262651
0.01164238701058	0.9879091122731296
0.01177043079721	0.9880479665033063
0.01189851208678	0.9881885091468794
0.01202663059809	0.9883302223250896
0.01215478608351	0.9884735744680262
0.01228297832782	0.988618551381348
0.01241120714711	0.9887647241921758
0.01253947238776	0.9889122291827115
0.01266777392551	0.9890608898269553
0.01279611166459	0.9892105021902355
0.01292448553688	0.9893612108724961
0.01305289550122	0.9895129267446708
0.01318134154266	0.989665050922497
0.01330982367185	0.9898185003545753
0.01343834192445	0.9899719396068458
0.01356689636057	0.9901258810725495
0.0136954870643	0.990280497922275
0.01382411414323	0.990435305799063
0.01395277772807	0.9905900516076648
0.01408147797223	0.9907451365341734
0.01421021505149	0.9909003601553424
0.01433898916372	0.9910548530462752
0.01446780052858	0.9912094751160129
0.01459664938728	0.9913637167834733
0.0147255360024	0.9915177215660373
0.01485446065763	0.9916714296683096
0.0149834236577	0.9918246870318481
0.01511242532818	0.9919776351690539
0.01524146601542	0.9921299679455439
0.01537054608645	0.9922817333509998
0.01549966592889	0.9924330069286005
0.01562882595098	0.9925832492570562
0.01575802658152	0.992732162151149
0.01588726826987	0.9928804868681417
0.01601655148601	0.9930274416638025
0.01614587672057	0.9931734061569074
0.01627524448488	0.9933179276316836
0.0164046553111	0.9934614103443327
0.01653410975228	0.9936036334042962
0.0166636083825	0.9937442603709982
0.016793151797	0.9938838102823835
0.01692274061238	0.9940213340731499
0.01705237546671	0.9941581191392731
0.01718205701978	0.9942925579092634
0.01731178595328	0.9944260773839003
0.01744156297103	0.9945578777137551
0.01757138879921	0.9946879266439725
0.01770126418668	0.9948161332202261
0.01783118990518	0.9949428267631272
0.01796116674966	0.9950679691739133
0.01809119553859	0.9951906950883189
0.01822127711429	0.9953119537107616
0.01835141234326	0.9954308585544125
0.01848160211655	0.995549138460998
0.01861184735012	0.995664035060023
0.01874214898528	0.9957777384430931
0.01887250798902	0.9958903206674515
0.01900292535452	0.996000476562986
0.01913340210155	0.9961078551041697
0.01926393927696	0.9962136260270014
0.01939453795512	0.9963188491621586
0.01952519923846	0.9964200634744023
0.01965592425798	0.9965212681041533
0.01978671417377	0.9966195332610015
0.01991757017557	0.9967153445099871
0.02004849348338	0.9968104528442888
0.020179485348	0.9969043794913631
0.02031054705169	0.9969941209874038
0.02044167990878	0.9970832796059343
0.02057288526635	0.9971710338839108
0.02070416450489	0.997256366195275
0.02083551903901	0.9973408009941069
0.02096695031816	0.9974225389458186
0.02109845982741	0.9975024468498288
0.02123004908817	0.9975811809153129
0.02136171965901	0.9976575965723694
0.0214934731365	0.9977336029703384
0.02162531115605	0.9978070479772376
0.02175723539274	0.9978793060792052
0.0218892475623	0.9979488519280697
0.02202134942198	0.9980178135129849
0.02215354277155	0.9980852554421538
0.02228582945424	0.9981505986656762
0.02241821135781	0.9982149297767897
0.0225506904156	0.9982770414843397
0.02268326860757	0.9983381882383894
0.02281594796147	0.9984018058242249
0.02294873055397	0.9984559153341299
0.02308161851186	0.9985123677667762
0.02321461401326	0.9985690339591489
0.02334771928893	0.9986216870799862
0.02348093662352	0.9986747876545448
0.02361426835696	0.9987221135714958
0.02374771688586	0.9987769481650319
0.02388128466489	0.9988252413495993
0.02401497420831	0.9988720153687297
0.02414878809151	0.9989172906815754
0.02428272895254	0.9989620800176233
0.02441679949377	0.9990071182930438
0.02455100248356	0.9990485241790936
0.02468534075801	0.9990894065749676
0.02481981722277	0.9991306646818763
0.02495443485483	0.9991673330054658
0.02508919670451	0.9992054906251269
0.02522410589739	0.9992426782013328
0.02535916563636	0.9992793674007493
0.02549437920376	0.9993128983692854
0.02562974996353	0.9993456037942995
0.02576528136349	0.9993775159292063
0.02590097693766	0.9994102859195425
0.0260368403087	0.9994402425154157
0.02617287519037	0.9994692166930181
0.02630908539017	0.9994979955957335
0.02644547481196	0.9995259658331039
0.02658204745876	0.9995524942965717
0.02671880743562	0.9995795567203449
0.0268557589526	0.9996051500506744
0.02699290632781	0.999628417943837
0.02713025399063	0.9996536205249363
0.02726780648503	0.9996768919376327
0.02740556847295	0.9996994361161078
0.02754354473789	0.9997201679833837
0.02768174018857	0.9997392057249429
0.02782015986279	0.9997614268153628
0.02795880893134	0.9997814051678815
0.02809769270218	0.9997985834348617
0.02823681662466	0.9998167982136709
0.028376186294	0.9998348821131156
0.02851580745588	0.9998508138721302
0.02865568601124	0.9998673670929663
0.02879582802126	0.9998817929000495
0.02893623971254	0.9998972876472254
0.02907692748248	0.9999106930283926
0.02921789790491	0.9999209277258216
0.0293591577359	0.9999350885360283
0.02950071391982	0.9999475101848222
0.0296425735957	0.999956817881166
0.02978474410379	0.9999677595335583
0.02992723299245	0.9999752646698231
0.03007004802526	0.999981704149895
0.03021319718853	0.9999863502329589
0.03035668869906	0.9999922385968245
0.03050053101229	0.9999994556813934
0.03064473283072	1.0000023260524225
0.03078930311283	0.9999982069286327
0.03093425108231	1.0000019082866558
0.03107958623771	1.0000012098566797
0.03122531836256	0.9999990207632516
0.03137145753596	1.0000017405821586
0.03151801414363	1.000000825587149
0.03166499888947	0.9999986386633298
0.03181242280774	1.000002792768973
0.0319602972757	0.9999985456782262
0.032108634027	1.000000217517982
0.03225744516556	1.0000010501148553
0.03240674318032	0.9999993675807879
0.03255654096052	1.0000005345945397
0.03270685181191	0.9999992947487492
0.0328576894737	1.0000002373788381
0.03300906813636	0.999999786500528
0.0331610024604	1.0000004904403073
0.03331350759609	0.9999988862105125
0.03346659920421	0.9999994675746995
0.03362029347793	1.0000006739039613
0.03377460716586	0.9999980304587835
0.03392955759633	1.0000000306521775
0.03408516270303	0.9999999765058233
0.0342414410521	0.9999977865395987
0.03439841187066	1.000001129718921
0.03455609507702	0.9999986508996869
0.03471451131263	0.9999978038971639
0.03487368197587	1.0000000365174477
0.0350336292578	0.999998566386711
0.03519437618009	0.9999993609138824
0.03535594663515	0.9999977089766012
0.03551836542882	0.9999986827559346
0.03568165832556	0.9999994285665388
0.03584585209656	0.9999975186646098
0.03601097457079	1.0000000108392681
0.03617705468942	0.9999889004663653
0.03634412256366	0.9999620087198098
0.03651220953644	0.9999155580131311
0.03668134824817	0.9998509784223933
0.03685157270691	0.9997663527909646
0.03702291836336	0.9996665277907371
0.03719542219093	0.9995479535538927
0.03736912277152	0.9994128117958596
0.03754406038729	0.9992613582327099
0.03772027711908	0.9990889548189823
0.03789781695196	0.9989035427955206
0.0380767258886	0.9987004167149776
0.03825705207114	0.9984826044677382
0.03843884591231	0.9982468041257427
0.03862216023667	0.9980004065325683
0.03880705043294	0.9977339945027002
0.03899357461836	0.9974591017824688
0.03918179381641	0.9971651712150781
0.03937177214904	0.996859587645156
0.03956357704493	0.9965410121312405
0.03975727946533	0.9962074900306035
0.03995295414939	0.9958634684798494
0.04015067988083	0.9955086037941578
0.04035053977841	0.995137051478131
0.04055262161257	0.9947590988112689
0.04075701815124	0.9943667509803842
0.0409638275379	0.9939676972274731
0.04117315370578	0.9935568234334576
0.04138510683209	0.9931398420204305
0.04159980383717	0.9927109376510986
0.04181736893375	0.9922731371564564
0.04203793423261	0.9918303206358503
0.04226164041145	0.9913799683785722
0.04248863745502	0.9909232009620069
0.04271908547566	0.9904635980696294
0.04295315562487	0.9899965291110467
0.04319103110795	0.9895269578333972
0.04343290831605	0.9890545866423268
0.04367899809172	0.9885836755146139
0.04392952714717	0.9881054610817728
0.0441847396575	0.987626953522981
0.04444489905486	0.9871612990651801
0.04471029005408	0.9866931557397585
0.04498122094595	0.9862273579169334
0.0452580262007	0.985766808424849
0.04554106943221	0.9853181464685402
0.04583074678327	0.9848756869564955
0.04612749080385	0.9844514911105345
0.04643177490876	0.9840376832640386
0.04674411851891	0.9836385096382507
0.04706509301192	0.9832613438605039
0.04739532863517	0.9829069776142616
0.04773552256777	0.9825817586752702
0.04808644836007	0.9822858641452498
0.04844896703191	0.9820238954049114
0.0488240401771	0.9818036308154389
0.04921274550554	0.9816296112672819
0.04961629536047	0.9815105452240075
0.05003605888361	0.9814522375373095
0.05047358867282	0.9814658724403146
0.05093065299656	0.9815587477393639
0.0514092749088	0.9817397985544134
0.0519117799622	0.9820383718129152
0.05244085466404	0.9824553520955451
0.05299961837218	0.9830159740668841
0.05359171199705	0.9837438782502664
0.05422140764589	0.9846643660101659
0.05489374415257	0.985811778270921
0.05561469410702	0.9872348273681226
0.05639136813088	0.9889671256097831
0.05723226089795	0.9910748499807281
0.05814753908607	0.9936306577195712
0.05914936088999	0.9967252979528787
0.06025219429193	1.0004621162029872
0.0614730580182	1.0049500657947141
0.06283153357578	1.0101995823868606
0.06434928260858	1.0161298954541256
0.06604867445029	1.0225207551974553
0.06795008951422	1.028934302132909
0.07006775387197	1.0346563509212716
0.07240485028169	1.0386965189129787
0.07494995395242	1.0399204575944718
0.07767733772597	1.0373311216383074
0.0805519573058	1.0304086994432957
0.0835368271459	1.0193539170603736
0.0865991716382	1.0050904545849757
0.08971337507169	0.9891058784772627
0.09286111128424	0.9733305806410137
0.09603003184459	0.9597583580122123
0.09921213642963	0.9500282073769433
0.1024023698773	0.9452959697951431
0.1055975875751	0.9460884742446626
0.1087958521453	0.9523149823022414
0.1119959769342	0.9632765777440766
0.1151972376196	0.9777602743582443
0.1183991929371	0.9941383595892282
0.1216015743118	1.0105510474958215
0.124804218305	1.0251953538360792
0.1280070254115	1.0365176508269363
0.131209934981	1.0433495169058642
0.1344129099736	1.045046596635248
0.1376159276983	1.041568761787153
0.1408189741894	1.0334645585763549
0.1440220407918	1.0217816126598085
0.1472251220871	1.0079276113836988
0.1504282146345	0.9934945273560697
0.1536313162046	0.9799772721296872
0.1568344253146	0.9686061304335465
0.1600375409445	0.9603676060981706
0.1632406623641	0.955922301161317
0.1664437890275	0.9555522187587149
0.1696469205079	0.9591455446792638
0.1728500564579	0.9662144686442482
0.1760531965843	0.9759390651224114
0.1792563406327	0.9872447045526576
0.1824594883774	0.9989352368351535
0.1856626396149	1.00995799548983
0.1888657941594	1.019030465987549
0.1920689518403	1.0253611177803856
0.1952721124997	1.0284506486861362
0.1984752759907	1.0281637474811007
0.2016784421764	1.0247371755172505
0.2048816109289	1.0187298571393721
0.2080847821286	1.010953748905921
0.211287955663	1.0023619679502502
0.2144911314266	0.9939147290328246
0.2176943093204	0.9863924988500551
0.2208974892508	0.9803811547412923
0.2241006711299	0.9763300808422576
0.2273038548748	0.9745078874544248
0.2305070404071	0.9750045434126979
0.2337102276528	0.9777036288739211
0.2369134165419	0.982284283097648
0.2401166070083	0.9882404105694947
0.2433197989892	0.994923656914233
0.2465229924252	1.0016018705089367
0.24972618726	1.0075979680653007
0.2529293834401	1.0124188611657958
0.2561325809147	1.0157071652341692
0.2593357796355	1.017255778752169
0.2625389795567	1.017019191316431
0.2657421806346	1.0151162090050678
0.2689453828276	1.011807442717431
0.2721485860961	1.0074913571353732
0.2753517904023	1.0026530100650906
0.2785549957104	0.9978295189851498
0.2817582019857	0.9935032735628392
0.2849614091957	0.9900163023874432
0.288164617309	0.9876292862724599
0.2913678262955	0.9864869275899235
0.2945710361267	0.9866091946367894
0.2977742467751	0.9878991603683848
0.3009774582146	0.990163011521808
0.3041806704199	0.9931312249703523
0.3073838833671	0.9964838327632247
0.310587097033	0.999870759951271
0.3137903113956	1.0029489806804692
0.3169935264336	1.0054717116931353
0.3201967421266	1.0072594761198395
0.3233999584551	1.0081951725953309
0.3266031754003	1.008242499164014
0.3298063929442	1.0074585613848426
0.3330096110693	1.005976641970767
0.336212829759	1.0039986901383506
0.3394160489972	1.0017576547635476
0.3426192687686	0.999504901469899
0.345822489058	0.9974586672008064
0.3490257098514	0.9957617485250769
0.3522289311348	0.994528435729393
0.3554321528949	0.9938354399968371
0.358635375119	0.9937239283266683
0.3618385977946	0.9941739509570503
0.3650418209098	0.99511878854574
0.368245044453	0.996434898251805
0.3714482684132	0.9979641050986071
0.3746514927796	0.9995219429561012
0.3778547175419	1.0009375382014152
0.38105794269	1.0020959909568714
0.3842611682142	1.0029271241007418
0.3874643941051	1.0034042484647911
0.3906676203538	1.0035150338844445
0.3938708469513	1.0032820236362632
0.3970740738894	1.002746134547647
0.4002773011597	1.0019792798609652
0.4034805287543	1.001071545048016
0.4066837566655	1.0001335275847716
0.4098869848859	0.9992802965328758
0.4130902134083	0.9985814149850405
0.4162934422255	0.9980764011267027
0.419496671331	0.9977826966172657
0.422699900718	0.9977021679502576
0.4259031303803	0.997811017446445
0.4291063603115	0.9980796211214564
0.4323095905058	0.998464265578413
0.4355128209573	0.9989180068861692
0.4387160516604	0.9993823872426948
0.4419192826094	0.9997849689077348
0.4451225137993	1.0000492464592914
0.4483257452246	1.0000917572662107
0.4515289768805	1.0000000000000018
0.454732208762	0.9999999999999996
0.4579354408644	1.0
0.461138673183	1.0000000000000002
0.4643419057134	0.9999999999999993
0.4675451384512	1.0
0.4707483713921	1.0
0.4739516045321	1.000000000000001
0.477154837867	0.9999999999999997
0.480358071393	1.0000000000000004
0.4835613051064	0.9999999999999979
0.4867645390032	1.0000000000000016
0.48996777308	1.0000000000000002
0.4931710073333	1.0000000000000004
0.4963742417595	1.0000000000000007
0.4995774763555	0.9999999999999989
0.5027807111178	0.9999999999999992
0.5059839460434	0.9999999999999992
0.5091871811291	0.9999999999999988
0.512390416372	0.9999999999999986
0.5155936517691	1.0000000000000004
0.5187968873175	0.9999999999999993
0.5220001230145	0.999999999999999
0.5252033588572	1.0000000000000009
0.5284065948432	1.0000000000000013
0.5316098309697	1.0000000000000004
0.5348130672342	1.0000000000000029
0.5380163036343	1.0000000000000004
0.5412195401675	1.000000000000001
0.5444227768315	1.0000000000000009
0.547626013624	0.9999999999999981
0.5508292505427	1.0
0.5540324875854	0.9999999999999994
0.5572357247501	0.9999999999999987
0.5604389620345	1.0000000000000013
0.5636421994367	0.999999999999999
0.5668454369547	0.999999999999999
0.5700486745864	1.0000000000000004
0.57325191233	1.0000000000000004
0.5764551501837	1.000000000000002
0.5796583881455	0.9999999999999991
0.5828616262137	1.0000000000000013
0.5860648643865	1.0000000000000007
0.5892681026623	0.9999999999999988
0.5924713410393	1.0000000000000009
0.5956745795159	0.9999999999999994
0.5988778180906	1.0
0.6020810567617	1.0000000000000002
0.6052842955277	1.0000000000000004
0.6084875343871	1.000000000000001
0.6116907733385	0.9999999999999997
0.6148940123803	1.0000000000000007
0.6180972515113	1.000000000000001
0.6213004907299	1.0
0.6245037300349	1.0
0.6277069694249	1.0000000000000009
0.6309102088987	0.9999999999999986
0.6341134484549	1.0000000000000002
0.6373166880923	1.0000000000000013
0.6405199278097	1.0000000000000004
0.6437231676059	1.0000000000000002
0.6469264074798	1.0000000000000002
0.65012964743	0.9999999999999988
0.6533328874557	0.9999999999999988
0.6565361275555	0.999999999999999
0.6597393677285	1.000000000000001
0.6629426079736	0.9999999999999998
0.6661458482898	1.0000000000000004
0.669349088676	0.9999999999999982
0.6725523291311	1.0000000000000022
0.6757555696544	1.0
0.6789588102447	1.0000000000000002
0.6821620509011	0.9999999999999998
0.6853652916227	0.9999999999999994
0.6885685324086	0.9999999999999997
0.6917717732579	1.0000000000000007
0.6949750141697	1.0
0.6981782551431	1.0000000000000002
0.7013814961774	0.9999999999999994
0.7045847372716	0.9999999999999992
0.707787978425	1.0000000000000002
0.7109912196367	1.0
0.714194460906	1.0000000000000007
0.717397702232	1.0
0.7206009436142	0.9999999999999998
0.7238041850516	1.0
0.7270074265435	0.9999999999999996
0.7302106680893	0.9999999999999998
0.7334139096882	1.0000000000000004
0.7366171513396	1.0
0.7398203930427	0.999999999999999
0.7430236347969	1.0000000000000007
0.7462268766015	1.0000000000000009
0.7494301184558	1.0000000000000004
0.7526333603594	0.9999999999999998
0.8226582418658	0.9999999999999997
0.9241397989294	0.9999999999999994
1.085628320078	0.9999999999999999
