0	1
0.0002109631387639	0.9999999999999978
0.0002280413242513	1.000000000000001
0.0002458034058116	1.0000000000000002
0.0002643232765635	0.9999999999999999
0.000283681494331	1.0000000000000007
0.0003039659597038	0.9999999999999991
0.0003252726070646	1.0000000000000009
0.0003477060882624	1.000000000000004
0.0003713804196217	0.9999999999999988
0.0003964195517212	1.0
0.000422957807807	1.0000000000000002
0.0004511401210712	0.9999999999999986
0.0004811219841565	0.9999999999999969
0.0005130690077629	0.9999999999999989
0.0005471559718782	1.000000000000002
0.0005835652469891	0.999999999999999
0.0006224844690406	1.0000000000000007
0.0006641033771463	0.9999999999999993
0.0007086097730927	1.0000000000000004
0.0007561846402544	0.9999999999999996
0.0008069965653917	1.0000000000000013
0.0008611957309529	0.9999999999999986
0.0009189078695888	0.9999999999999996
0.0009802286700868	1.0
0.001045219165319	1.0000000000000013
0.001113902594457	1.0000000000000004
0.001186263105829	0.9999999999999998
0.001262246468114	1.0000000000000049
0.001341762722152	1.0000000000000002
0.001424690481849	1.0000000000000004
0.00151088242538	0.9999999999999982
0.001600171435708	1.0
0.00169237685681	1.0000000000000013
0.001787310412184	1.0000000000000016
0.00188478145577	1.0000000000000009
0.001984601361186	0.9999999999999994
0.002086586978391	0.9999999999999996
0.002190563182924	1.0000000000000013
0.002296364607001	0.9999999999999998
0.002403836676377	0.9999999999999998
0.00251283608811	1.0000000000000007
0.002623230859598	1.0000000000000022
0.002734900064996	0.9999999999999976
0.002847733356587	1.0000000000000004
0.002961630349356	0.9999999999999982
0.003076499929021	1.0000000000000016
0.003192259528203	1.0000000000000016
0.003308834402589	0.9999999999999968
0.003426156928789	0.9999999999999982
0.003544165937823	1.0000000000000024
0.003662806092412	1.0000000000000004
0.003782027312073	0.9999999999999986
0.003901784247127	0.9999999999999982
0.004022035800751	1.0000000000000007
0.004142744696962	0.9999999999999979
0.004263877091662	0.9999999999999984
0.004385402223493	1.0000000000000002
0.004507292101107	1.0000000000000013
0.004629521223474	0.9999999999999988
0.004752066329997	0.9999999999999969
0.004874906177384	0.9999999999999998
0.004998021340457	1.0
0.005121394034324	0.9999999999999991
0.005245007955581	0.9999999999999996
0.005368848140438	0.9999999999999993
0.005492900837888	1.0000000000000007
0.005617153396241	0.9999999999999994
0.00574159416152	0.9999999999999992
0.005866212386412	1.0000000000000009
0.005990998148573	1.0000000000000007
0.006115942277268	1.0
0.006241036287414	0.9999999999999979
0.006366272320216	1.0000000000000009
0.006491643089672	1.0000000000000002
0.006617141834318	0.9999999999999994
0.006742762273643	1.0000000000000009
0.006868498568678	0.9999999999999994
0.006994345286318	1.0000000000000007
0.007120297366983	0.9999999999999998
0.007246350095283	1.000000000000001
0.007372499073355	0.999999999999999
0.007498740196628	1.0
0.00762506963175	1.0000000000000009
0.007751483796468	1.0
0.007877979341278	1.0000000000000013
0.008004553132654	0.9999999999999978
0.008131202237718	1.0000000000000044
0.008257923910207	1.0000000000000002
0.008384715577614	0.9999999999999986
0.008511574829401	1.0000000000000007
0.008638499406169	1.0000000000000002
0.008765487189711	1.0000000000000007
0.008892536193871	0.9999999999999984
0.009019644556116	0.9999999999999984
0.009146810529782	1.0000000000000004
0.009274032476919	1.000000000000004
0.009401308861696	1.0000000000000024
0.009528638244297	1.0000000000000018
0.009656019275294	0.9999999999999987
0.009783450690433	0.9999999999999979
0.009910931305817	0.9999999999999976
0.01003846001343	1.0000000000000009
0.01016603577702	0.9999999999999994
0.01029365762824	1.000000000000001
0.01042132466309	0.999999999999999
0.01054903603864	1.0000000000000007
0.01067679096992	1.0000000000000016
0.0108045887271	0.9999999999999964
0.01093242863286	0.9999999999999974
0.01106031005985	1.0000000000000007
0.01118823242848	1.000000000000001
0.01131619520477	0.9999999999999991
0.01144419789831	1.0000000000000013
0.01157224006051	0.9999999999999996
0.0117003212828	0.9999999999999994
0.01182844119506	0.9999999999999999
0.01195659946416	1.0000000000000002
0.01208479579252	1.0000000000000002
0.01221302991689	0.9999999999999993
0.01234130160707	0.9999999999999994
0.01246961066486	1.000000000000002
0.01259795692302	0.999999999999999
0.01272634024427	0.9999999999999982
0.01285476052041	0.9999999999999939
0.01298321767152	0.9999999999999998
0.01311171164516	1.0000000000000004
0.01324024241569	1.0000000000000002
0.01336880998358	1.000000000000002
0.01349741437483	1.0000000000000002
0.01362605564041	1.0000000000000007
0.01375473385573	0.9999999999999996
0.0138834491202	1.0000000000000009
0.01401220155678	1.0000000000000022
0.0141409913116	0.9999999999999986
0.01426981855361	0.9999999999999993
0.01439868347426	1.0000000000000004
0.0145275862872	1.0000000000000004
0.01465652722806	1.0000000000000007
0.0147855065542	0.9999999999999993
0.01491452454452	0.999999999999999
0.0150435814993	0.9999999999999991
0.01517267774007	0.9999999999999984
0.01530181360948	1.0000000000000009
0.01543098947121	0.9999999999999977
0.01556020570993	0.9999999999999978
0.01568946273123	1.0000000000000002
0.01581876096159	0.9999999999999977
0.01594810084845	1.0000000000000002
0.01607748286013	1.0000000000000004
0.01620690748597	1.0000000000000024
0.01633637523631	0.9999999999999976
0.01646588664264	0.9999999999999988
0.01659544225767	0.9999999999999998
0.01672504265544	1.0000000000000007
0.01685468843147	0.9999999999999977
0.01698438020293	1.000000000000001
0.01711411860877	1.0000000000000004
0.01724390430998	1.0000000000000024
0.01737373798972	0.9999999999999981
0.0175036203536	0.9999999999999973
0.01763355212992	0.9999999999999996
0.01776353406989	0.9999999999999981
0.01789356694796	0.9999999999999998
0.01802365156205	0.9999999999999979
0.01815378873393	0.9999999999999992
0.01828397930949	1.0000000000000002
0.01841422415912	1.0000000000000018
0.01854452417805	1.0000000000000009
0.01867488028673	1.0
0.01880529343126	1.0000000000000027
0.01893576458373	0.9999999999999998
0.01906629474272	0.9999999999999998
0.01919688493373	0.9999999999999974
0.01932753620961	0.9999999999999988
0.0194582496511	1.0000000000000004
0.01958902636728	1.0000000000000013
0.01971986749614	0.9999999999999967
0.01985077420507	1.0000000000000022
0.01998174769148	0.9999999999999994
0.02011278918331	0.9999999999999972
0.02024389993969	0.9999999999999987
0.02037508125154	0.9999999999999992
0.0205063344422	0.9999999999999988
0.02063766086809	0.9999999999999983
0.02076906191943	0.9999999999999977
0.02090053902092	0.9999999999999986
0.02103209363248	1.0000000000000004
0.02116372724998	1.0000000000000002
0.02129544140608	1.0
0.02142723767095	0.9999999999999987
0.02155911765318	0.9999999999999984
0.02169108300058	0.9999999999999964
0.02182313540111	0.9999999999999996
0.02195527658374	0.9999999999999979
0.02208750831942	1.0000000000000038
0.02221983242205	0.9999999999999976
0.02235225074948	1.0
0.02248476520453	1.0000000000000009
0.02261737773605	1.0000000000000009
0.02275009034005	0.9999999999999993
0.02288290506079	0.9999999999999973
0.02301582399196	1.000000000000002
0.02314884927791	0.999999999999999
0.02328198311486	1.0000000000000024
0.02341522775218	1.0000000000000016
0.02354858549375	0.9999999999999976
0.02368205869927	0.9999999999999989
0.02381564978571	1.0000000000000022
0.02394936122874	1.0000000000000002
0.02408319556423	0.9999999999999994
0.02421715538982	0.9999999999999976
0.02435124336647	0.9999999999999987
0.02448546222016	0.9999999999999962
0.02461981474354	0.9999999999999984
0.02475430379775	1.0000000000000018
0.02488893231417	1.0000000000000002
0.02502370329634	0.9999999999999994
0.02515861982188	0.9999999999999989
0.02529368504449	0.9999999999999994
0.02542890219604	0.9999999999999991
0.02556427458866	0.9999999999999996
0.02569980561702	0.9999999999999992
0.02583549876056	1.0000000000000002
0.02597135758588	0.9999999999999973
0.02610738574916	1.0000000000000016
0.02624358699875	0.999999999999999
0.02637996517772	1.000000000000001
0.0265165242266	0.9999999999999992
0.02665326818621	1.0000000000000016
0.02679020120052	0.9999999999999992
0.02692732751971	0.9999999999999963
0.02706465150323	0.9999999999999983
0.02720217762309	0.9999999999999996
0.02733991046719	1.0000000000000027
0.02747785474275	0.9999999999999999
0.02761601527999	0.9999999999999992
0.0277543970358	1.0000000000000053
0.02789300509764	1.0000000000000022
0.02803184468757	1.0000031403155463
0.02817092116641	0.9999989178594508
0.02831024003808	1.0000031659287114
0.02844980695412	0.9999969081500902
0.02858962771833	1.0000090608223147
0.02872970829167	0.9999967226895198
0.02887005479729	1.000004347961766
0.02901067352582	1.000004525569793
0.02915157094077	1.0000009655792805
0.02929275368431	1.0000009615077015
0.0294342285831	1.000013890497854
0.02957600265452	0.999995799847828
0.02971808311306	0.9999943141429702
0.02986047737701	1.0000167101595598
0.03000319307546	0.9999945316554626
0.03014623805551	0.9999973396851353
0.03028962038991	1.0000108156218663
0.03043334838494	0.9999917499065558
0.03057743058866	1.0000104254386617
0.03072187579954	0.9999966815925783
0.03086669307546	1.0000002321201305
0.03101189174309	1.000004490096019
0.03115748140776	0.9999992855652629
0.03130347196369	1.000001739858166
0.0314498736048	0.9999974739326287
0.0315966968359	1.000008584498156
0.03174395248452	0.9999918277385048
0.03189165171322	1.0000090941809443
0.03203980603253	0.9999969079304573
0.03218842731449	0.9999967686711208
0.0323375278069	1.0000097739523057
0.03248712014818	1.0000052787344103
0.03263721738308	0.9999974218231696
0.03278783297907	1.0000010955667087
0.03293898084366	0.9999996387876107
0.03309067534256	1.000002299617994
0.03324293131874	1.0000047373053578
0.03339576411258	1.0000071074055992
0.033549189583	1.0000028475211524
0.03370322412977	0.9999958315744105
0.03385788471703	1.0000021906679755
0.03401318889801	1.0000022009955793
0.03416915484124	0.9999968745598963
0.03432580135813	1.0000043322552843
0.03448314793213	0.999994587371743
0.03464121474954	1.000007518638805
0.03480002273214	0.9999912367830808
0.03495959357169	1.000006659739113
0.03511994976645	0.9999980484641563
0.03528111465991	1.000000397256619
0.03544311248182	0.9999986239693373
0.03560596839183	0.9999983389063736
0.03576970852564	1.0000041754833566
0.03593436004425	0.9999959408143757
0.03609995118618	1.0000016874816502
0.03626651132309	0.9999979908649778
0.03643407101903	1.000002009310016
0.03660266209357	0.999995629890049
0.03677231768913	1.000004446430314
0.03694307234288	0.9999946875763884
0.03711496206349	1.0000030393372628
0.03728802441332	0.9999969690579599
0.03746229859626	1.0000010166760873
0.03763782555191	0.9999958245931686
0.03781464805649	1.0000053047696997
0.03799281083123	0.9999924621614336
0.03817236065869	1.000002718121134
0.03835334650795	0.9999992170061853
0.0385358196693	0.9999950782417936
0.03871983389942	1.0000012450350064
0.03890544557793	0.9999948010201194
0.03909271387651	1.0000028234854066
0.03928170094173	0.9999957995258348
0.03947247209291	0.9999894526639991
0.03966509603659	0.999991180049914
0.03985964509928	1.0000047471259963
0.04005619548019	0.9999919664667531
0.04025482752637	0.9999910896599968
0.04045562603229	1.0000002402495412
0.04065868056676	0.9999962144805369
0.04086408583	0.9999903791921031
0.04107194204439	1.0000073631474733
0.04128235538261	0.9999891671207644
0.04149543843763	0.9999912609890398
0.04171131073926	1.0000048463660127
0.04193009932314	1.0000072724244544
0.04215193935836	0.9999927055287708
0.04237697484112	0.9999942803340501
0.04260535936279	1.0000018068903263
0.042837256962	0.9999880941149804
0.04307284307198	1.0000048692617618
0.04331230557577	0.9999895023010141
0.04355584598441	0.9999891475273273
0.04380368075524	0.9999901446395915
0.04405604277044	0.9999864247981105
0.04431318299941	0.9999821671598664
0.0445753723725	0.9999995833566941
0.04484290389852	0.9999901328730314
0.04511609506434	0.9999678257278477
0.04539529056177	0.999960279607997
0.04568086539568	0.9999688834775076
0.04597322843742	0.9999630915733948
0.04627282650041	0.9999621672809592
0.04658014903027	0.9999582478768715
0.04689573352072	0.9999548157473954
0.04722017179035	0.9999626701801951
0.04755411728426	0.9999475166376978
0.04789829360105	0.9999330779825935
0.04825350449133	0.9999390214154222
0.0486206456307	0.9999489294455698
0.04900071854257	0.9999467834283968
0.04939484713715	0.9999401851392808
0.04980429744862	0.9999426872601541
0.05023050129997	0.9999677433213402
0.0506750848124	1.0000001563676981
0.05113990291556	0.999963262434282
0.05162708131922	0.9999658256978101
0.05213906779211	0.9999500837343636
0.05267869507659	0.999939593830606
0.05324925836201	0.9999106761618756
0.05385461094778	0.9999464460129538
0.05449928252265	0.9999236390601436
0.05518862527448	0.9999316333666889
0.05592899358835	0.9999374028486958
0.05672796286443	1.0000021988997803
0.05759459090734	0.999903409363809
0.05853971928286	0.9997835368932214
0.05957629807635	1.000036478361522
0.06071968887538	1.0010983179691635
0.06198784740809	1.0031125191626922
0.06340119798689	1.0062432991479149
0.06498188677606	1.0104711548843421
0.06675198498756	1.0156080053398562
0.06873025601552	1.0212464273773798
0.07092758020873	1.0267503089939571
0.07334223547168	1.0311393688627688
0.07595744246129	1.033279337112226
0.07874339054312	1.0320776022062665
0.08166347016542	1.0270812247526873
0.084681600834	1.0181872148806845
0.08776734493999	1.0060468632037065
0.09089773208596	0.9919407354032509
0.09405671811031	0.9775799278569535
0.09723366221288	0.9651368357822832
0.1004217401644	0.9562581757284839
0.1036166673809	0.9521376718742163
0.1068157890766	0.9532700954183032
0.1100174735589	0.9594740860826201
0.1132207228198	0.9700699282246215
0.1164249281646	0.9838339602861118
0.119629718908	0.9992240736833228
0.1228348694468	1.0145660875548632
0.1260402424648	1.0280283562233168
0.1292457543197	1.0381230968169026
0.1324513539882	1.0438183410580366
0.1356570102686	1.0446139979792621
0.1388627040091	1.0404404284339837
0.1420684233878	1.0318970932126332
0.1452741610471	1.0202092420591635
0.1484799123525	1.0066710066845888
0.1516856743359	0.9928502659419269
0.1548914450521	0.9801314534905229
0.1580972231881	0.9697586599828784
0.1613030078244	0.9626458857696943
0.1645087982894	0.959343858286038
0.1677145940708	0.9600633458977683
0.1709203947599	0.9645549666716696
0.1741262000184	0.972278844600815
0.1773320095569	0.9823516784115796
0.1805378231212	0.9935832275816452
0.1837436404844	1.005027675202884
0.1869494614404	1.0153114759972481
0.1901552858006	1.0235103105608678
0.1933611133911	1.028809010898908
0.1965669440504	1.030861935566588
0.1997727776285	1.0295058915159223
0.2029786139853	1.0251170418430862
0.2061844529896	1.0182948728816044
0.2093902945188	1.009998474143068
0.2125961384575	1.001162258780406
0.2158019846975	0.992695610146063
0.2190078331369	0.9852756029913893
0.2222136836799	0.9795309099537207
0.2254195362359	0.9758054307669344
0.2286253907199	0.9743918622788669
0.2318312470511	0.9752896672526176
0.2350371051535	0.978414290285995
0.2382429649551	0.9832888034421456
0.2414488263878	0.9895238968198532
0.244654689387	0.9962443367874726
0.2478605538916	1.0029257584473412
0.2510664198436	1.0087614618394383
0.2542722871878	1.0132843338921107
0.2574781558719	1.016267768461711
0.2606840258462	1.0175140091134969
0.2638898970634	1.016990387107888
0.2670957694784	1.0148235317941952
0.2703016430485	1.011364005826541
0.2735075177327	1.0068957870109116
0.2767133934921	1.0019793849192078
0.2799192702895	0.997123328890776
0.2831251480895	0.9929140735840624
0.2863310268582	0.9895401085709007
0.2895369065633	0.9872911533386377
0.2927427871738	0.9863562505368075
0.2959486686602	0.986702538551979
0.2991545509941	0.9881701951062828
0.3023604341484	0.9905551580860593
0.3055663180972	0.9936440185288157
0.3087722028157	0.9970885668916588
0.3119780882799	1.0005329207524376
0.315183974467	1.003692817556858
0.318389861355	1.0062907244350978
0.3215957489229	1.0081412971979113
0.3248016371505	1.009122755041716
0.3280075260183	1.009200784965288
0.3312134155076	1.0084150797683404
0.3344193056005	1.0069930061183394
0.3376251962797	1.005007243267521
0.3408310875286	1.0028087621966366
0.3440369793311	1.0006286339061574
0.3472428716719	0.9985729771483952
0.3504487645362	0.9968552931365053
0.3536546579095	0.9956041845232572
0.3568605517783	0.9948819221429935
0.3600664461291	0.9947349768042104
0.3632723409491	0.9950778501352632
0.366478236226	0.9959546496219214
0.3696841319478	0.9971140293676499
0.3728900281031	0.9984262993638788
0.3760959246806	0.9996716536348217
0.3793018216697	1.000737087601106
0.3825077190599	1.001481559829962
0.3857136168412	1.0019215878078047
0.3889195150039	1.0020524530806316
0.3921254135386	1.0018738520868924
0.3953313124361	1.0015720886498405
0.3985372116878	1.001087700561254
0.4017431112851	1.000532791689291
0.4049490112198	1.000121267644068
0.4081549114838	0.9999637761439905
0.4113608120695	1.0000144518309826
0.4145667129693	0.99994573006381
0.4177726141761	0.9998493409378808
0.4209785156827	0.9997753166573592
0.4241844174823	0.9997118883234222
0.4273903195684	0.999700079903001
0.4305962219344	0.999737726203865
0.4338021245742	0.9998052188617221
0.4370080274817	0.999896698691774
0.4402139306511	0.9999711781663081
0.4434198340767	1.0000108679798876
0.4466257377528	0.9999881011760657
0.4498316416742	1.0000028187201884
0.4530375458356	0.9999999999999997
0.4562434502319	1.0000000000000018
0.4594493548582	1.000000000000001
0.4626552597097	1.0000000000000004
0.4658611647818	1.0000000000000002
0.4690670700698	0.9999999999999999
0.4722729755695	1.000000000000001
0.4754788812764	0.9999999999999996
0.4786847871864	1.0000000000000018
0.4818906932955	1.0000000000000002
0.4850965995997	1.0000000000000007
0.4883025060951	1.0000000000000002
0.491508412778	0.9999999999999988
0.4947143196447	1.0
0.4979202266916	1.0
0.5011261339154	1.0
0.5043320413125	0.9999999999999987
0.5075379488798	1.0
0.5107438566139	1.0000000000000002
0.5139497645119	0.9999999999999991
0.5171556725705	0.9999999999999988
0.5203615807868	0.9999999999999994
0.523567489158	0.9999999999999993
0.5267733976812	1.0000000000000009
0.5299793063535	0.9999999999999994
0.5331852151725	0.9999999999999997
0.5363911241352	0.9999999999999992
0.5395970332393	0.9999999999999994
0.5428029424822	1.000000000000001
0.5460088518615	1.0000000000000007
0.5492147613747	1.0000000000000007
0.5524206710195	1.0000000000000004
0.5556265807937	0.9999999999999978
0.5588324906949	1.0000000000000004
0.5620384007211	1.0000000000000007
0.5652443108701	0.9999999999999979
0.5684502211397	0.9999999999999988
0.5716561315281	1.0000000000000013
0.5748620420331	1.0000000000000002
0.5780679526528	0.9999999999999984
0.5812738633854	0.9999999999999996
0.5844797742289	1.0000000000000002
0.5876856851816	0.9999999999999996
0.5908915962416	0.9999999999999988
0.5940975074073	0.9999999999999986
0.5973034186768	1.000000000000001
0.6005093300486	0.9999999999999993
0.6037152415211	0.999999999999999
0.6069211530925	1.0000000000000016
0.6101270647614	0.9999999999999988
0.6133329765262	1.0000000000000009
0.6165388883854	0.9999999999999991
0.6197448003376	1.0000000000000002
0.6229507123813	0.9999999999999991
0.626156624515	0.9999999999999999
0.6293625367375	1.0000000000000007
0.6325684490474	0.9999999999999981
0.6357743614433	0.9999999999999999
0.638980273924	1.0
0.6421861864881	0.9999999999999999
0.6453920991344	0.9999999999999999
0.6485980118618	1.000000000000001
0.6518039246689	1.0
0.6550098375547	1.000000000000001
0.658215750518	0.9999999999999997
0.6614216635576	0.9999999999999987
0.6646275766724	1.0000000000000004
0.6678334898614	1.0000000000000007
0.6710394031235	0.999999999999999
0.6742453164576	1.0000000000000002
0.6774512298628	1.0000000000000004
0.680657143338	1.0000000000000004
0.6838630568822	0.9999999999999996
0.6870689704944	1.0000000000000013
0.6902748841738	0.999999999999999
0.6934807979193	1.0
0.6966867117301	0.9999999999999999
0.6998926256053	1.0000000000000009
0.7030985395439	1.0000000000000002
0.7063044535451	1.0000000000000007
0.7095103676081	1.0
0.7127162817321	0.9999999999999998
0.7159221959161	1.000000000000001
0.7191281101594	0.9999999999999998
0.7223340244613	1.0000000000000004
0.7255399388208	0.9999999999999993
0.7287458532374	0.9999999999999993
0.7319517677101	1.000000000000001
0.7351576822384	1.0000000000000007
0.7383635968214	0.9999999999999987
0.7415695114584	1.0000000000000007
0.7447754261488	1.0000000000000009
0.7479813408918	1.0000000000000009
0.7511872556868	0.9999999999999998
0.7543931705332	0.999999999999999
0.7575990854302	0.9999999999999992
0.7608050003772	1.0000000000000007
0.7640109153736	1.000000000000001
0.7672168304188	1.0000000000000007
0.7704227455122	1.0000000000000002
0.7736286606531	1.0000000000000009
0.7768345758409	1.0000000000000009
0.7800404910752	0.9999999999999981
0.7832464063553	1.0
0.7864523216807	1.000000000000001
0.7896582370507	1.0000000000000013
0.7928641524649	0.9999999999999993
0.7960700679228	0.9999999999999987
0.7992759834237	1.0000000000000002
0.8024818989673	0.9999999999999997
0.8056878145529	0.9999999999999994
0.8088937301801	0.9999999999999988
0.9031625016656	1.0000000000000002
1.05106313009	0.9999999999999996
