Number of steps: 17681878
Number of accepted steps: 1000000
Burn-in number of steps: 320000
Accepted fraction of steps: 0.056555
Convergence Status
R[0]= 1.001097	R[1]= 1.001618	R[2]= 1.006430	R[3]= 1.000769	R[4]= 1.002544	R[5]= 1.002678	R[6]= 1.002706	R[7]= 1.001081	R[8]= 1.000939	R[9]= 1.002130	R[10]= 1.003045	R[11]= 1.004099	R[12]= 1.000750	R[13]= 1.001043	R[14]= 1.006010	R[15]= 1.004240	R[16]= 1.004279	R[17]= 1.004129	R[18]= 1.002029	R[19]= 1.000564	R[20]= 1.001523	R[21]= 1.001783	R[22]= 1.002144	R[23]= 1.000304	R[24]= 1.000319	
<R>= 1.002330

Mean parameters
A[0]= 9.242428e-01 pm 3.523025e-02
A[1]= 1.047204e+00 pm 2.976611e-02
A[2]= 6.389158e-01 pm 4.421593e-01
A[3]= 3.544536e+00 pm 1.184667e+00
A[4]= -3.911326e+03 pm 3.801891e+03
A[5]= 1.941649e+03 pm 2.500148e+03
A[6]= -9.269042e+00 pm 5.860134e+02
A[7]= 1.641296e+01 pm 1.303697e+01
A[8]= -2.641051e-01 pm 1.788349e-01
A[9]= -3.611283e+03 pm 8.302060e+03
A[10]= 1.504440e+03 pm 4.985749e+03
A[11]= -4.024712e+02 pm 1.050408e+03
A[12]= 1.717537e+01 pm 4.846850e+01
A[13]= -5.185055e-01 pm 9.403577e-01
A[14]= 5.008285e+00 pm 1.634641e+00
A[15]= -6.443563e+03 pm 5.231085e+03
A[16]= 4.688427e+03 pm 3.436914e+03
A[17]= -8.056435e+02 pm 8.061037e+02
A[18]= 1.429883e+00 pm 1.923569e+01
A[19]= 1.458268e-01 pm 2.643557e-01
A[20]= 5.866828e+03 pm 1.184777e+04
A[21]= -3.352600e+03 pm 7.163611e+03
A[22]= 2.423094e+02 pm 1.512179e+03
A[23]= -4.712854e+01 pm 6.749827e+01
A[24]= 6.513995e-01 pm 1.312189e+00

Best-fitting parameters
A[0]= 9.210013e-01
A[1]= 1.046179e+00
A[2]= 7.044095e-01
A[3]= 3.049266e+00
A[4]= -3.218093e+03
A[5]= 1.474025e+03
A[6]= 1.124630e+02
A[7]= 1.659192e+01
A[8]= -2.564955e-01
A[9]= -7.285298e+03
A[10]= 3.776163e+03
A[11]= -8.869294e+02
A[12]= 4.205738e+01
A[13]= -8.753128e-01
A[14]= 4.137490e+00
A[15]= -3.670573e+03
A[16]= 2.833101e+03
A[17]= -3.879499e+02
A[18]= -1.509331e+00
A[19]= 1.260840e-01
A[20]= 5.771637e+03
A[21]= -4.087179e+03
A[22]= 5.182251e+02
A[23]= -8.002058e+01
A[24]= 1.314177e+00
chi2_min= 8.993119e+01


Cross-Covariance parameters
1.000000e+00	-5.232572e-01	-1.710676e-01	1.094019e-01	1.556271e-02	-1.320948e-02	2.503000e-03	6.718072e-02	-5.186069e-02	-9.815115e-03	2.037193e-02	-4.948414e-02	1.410983e-01	-1.139615e-01	6.837488e-02	7.124224e-02	-7.236989e-02	6.430631e-02	6.155142e-02	-7.062610e-02	2.239714e-02	-1.345027e-02	-1.705372e-02	1.357943e-01	-1.193602e-01	
-5.232572e-01	1.000000e+00	2.079507e-01	-1.856227e-01	-4.881535e-02	5.248129e-02	-6.189936e-02	1.311346e-01	-1.122252e-01	-7.471841e-03	3.981836e-03	8.741862e-03	-1.162535e-01	7.450980e-02	-2.372165e-01	-3.116011e-03	2.350771e-03	-7.469270e-03	1.341157e-01	-1.354246e-01	-1.702934e-02	1.322813e-02	4.053198e-03	-8.588097e-02	5.600009e-02	
-1.710676e-01	2.079507e-01	1.000000e+00	-6.895143e-01	-4.206087e-02	4.936793e-02	-4.677256e-02	-2.593356e-02	2.963152e-02	-3.742343e-01	4.954023e-01	-6.368834e-01	-1.582075e-01	2.961027e-01	-6.614538e-01	-8.768942e-02	9.298202e-02	-8.857246e-02	-3.737241e-02	5.964570e-02	-4.296162e-01	5.366996e-01	-6.613699e-01	-1.160027e-01	2.601882e-01	
1.094019e-01	-1.856227e-01	-6.895143e-01	1.000000e+00	-5.175317e-01	5.680044e-01	-6.071833e-01	1.640016e-01	1.176672e-01	1.974111e-01	-2.603812e-01	3.396073e-01	3.919159e-02	-9.100443e-02	4.751388e-01	7.034052e-02	-7.444133e-02	7.186257e-02	6.391990e-03	-2.566967e-02	2.997306e-01	-3.757519e-01	4.642366e-01	8.923028e-02	-1.893603e-01	
1.556271e-02	-4.881535e-02	-4.206087e-02	-5.175317e-01	1.000000e+00	-9.854145e-01	9.449948e-01	-6.551628e-01	2.559467e-01	7.235384e-02	-1.134588e-01	1.573329e-01	1.187561e-01	-1.173801e-01	2.601243e-02	3.697766e-03	-7.043454e-03	1.051890e-02	-1.730265e-03	-2.791150e-03	1.243102e-02	-1.844993e-02	2.518173e-02	5.094542e-03	-9.441731e-03	
-1.320948e-02	5.248129e-02	4.936793e-02	5.680044e-01	-9.854145e-01	1.000000e+00	-9.863937e-01	6.027517e-01	-1.875927e-01	-8.248408e-02	1.276372e-01	-1.760207e-01	-1.313843e-01	1.430499e-01	-3.298194e-02	-3.431752e-03	6.676163e-03	-1.016080e-02	1.124157e-03	3.248697e-03	-1.684121e-02	2.360868e-02	-3.123616e-02	-5.625436e-03	1.155293e-02	
2.503000e-03	-6.189936e-02	-4.677256e-02	-6.071833e-01	9.449948e-01	-9.863937e-01	1.000000e+00	-5.400473e-01	1.241809e-01	9.266877e-02	-1.392292e-01	1.889619e-01	1.305026e-01	-1.514777e-01	3.549679e-02	1.139340e-03	-4.152068e-03	7.862333e-03	-4.300237e-03	5.778995e-04	1.643912e-02	-2.282783e-02	3.014814e-02	4.249511e-03	-9.910439e-03	
6.718072e-02	1.311346e-01	-2.593356e-02	1.640016e-01	-6.551628e-01	6.027517e-01	-5.400473e-01	1.000000e+00	-8.782253e-01	9.933554e-02	-8.013182e-02	4.759086e-02	-6.937883e-02	-8.355000e-02	-8.743685e-03	1.150107e-02	-1.071816e-02	6.726209e-03	4.986603e-02	-4.962938e-02	2.707131e-02	-2.869689e-02	2.968374e-02	7.767077e-03	-2.086266e-02	
-5.186069e-02	-1.122252e-01	2.963152e-02	1.176672e-01	2.559467e-01	-1.875927e-01	1.241809e-01	-8.782253e-01	1.000000e+00	-1.590906e-01	1.568531e-01	-1.388252e-01	2.644600e-02	1.781968e-01	1.265531e-04	-8.955610e-03	8.560040e-03	-5.611666e-03	-4.409928e-02	4.430177e-02	-2.888544e-02	3.179844e-02	-3.439770e-02	-4.077773e-03	1.766420e-02	
-9.815115e-03	-7.471841e-03	-3.742343e-01	1.974111e-01	7.235384e-02	-8.248408e-02	9.266877e-02	9.933554e-02	-1.590906e-01	1.000000e+00	-9.825086e-01	9.123127e-01	-7.398252e-01	5.501582e-01	2.482877e-01	4.068741e-02	-4.336550e-02	4.236503e-02	1.720387e-02	-3.153407e-02	1.670782e-01	-2.120979e-01	2.670545e-01	4.303945e-02	-1.047415e-01	
2.037193e-02	3.981836e-03	4.954023e-01	-2.603812e-01	-1.134588e-01	1.276372e-01	-1.392292e-01	-8.013182e-02	1.568531e-01	-9.825086e-01	1.000000e+00	-9.717883e-01	6.821171e-01	-4.839695e-01	-3.283501e-01	-5.207164e-02	5.600372e-02	-5.502668e-02	-2.273987e-02	4.059444e-02	-2.227889e-01	2.826406e-01	-3.554790e-01	-5.385856e-02	1.356753e-01	
-4.948414e-02	8.741862e-03	-6.368834e-01	3.396073e-01	1.573329e-01	-1.760207e-01	1.889619e-01	4.759086e-02	-1.388252e-01	9.123127e-01	-9.717883e-01	1.000000e+00	-5.616891e-01	3.627892e-01	4.233002e-01	6.310111e-02	-6.845588e-02	6.760976e-02	2.841941e-02	-4.970553e-02	2.886933e-01	-3.662541e-01	4.607371e-01	6.414527e-02	-1.700984e-01	
1.410983e-01	-1.162535e-01	-1.582075e-01	3.919159e-02	1.187561e-01	-1.313843e-01	1.305026e-01	-6.937883e-02	2.644600e-02	-7.398252e-01	6.821171e-01	-5.616891e-01	1.000000e+00	-9.482645e-01	1.032267e-01	1.547950e-02	-1.773182e-02	1.785311e-02	1.269600e-02	-1.545869e-02	6.709773e-02	-7.992757e-02	9.147982e-02	2.967192e-02	-4.842842e-02	
-1.139615e-01	7.450980e-02	2.961027e-01	-9.100443e-02	-1.173801e-01	1.430499e-01	-1.514777e-01	-8.355000e-02	1.781968e-01	5.501582e-01	-4.839695e-01	3.627892e-01	-9.482645e-01	1.000000e+00	-1.897408e-01	-3.098276e-02	3.453798e-02	-3.418360e-02	-2.704363e-02	3.545221e-02	-1.360356e-01	1.663436e-01	-1.994535e-01	-3.985450e-02	8.519416e-02	
6.837488e-02	-2.372165e-01	-6.614538e-01	4.751388e-01	2.601243e-02	-3.298194e-02	3.549679e-02	-8.743685e-03	1.265531e-04	2.482877e-01	-3.283501e-01	4.233002e-01	1.032267e-01	-1.897408e-01	1.000000e+00	-4.817869e-01	5.421549e-01	-5.896276e-01	5.797322e-02	1.887483e-01	1.896721e-01	-2.427197e-01	3.132137e-01	2.065960e-02	-6.967034e-02	
7.124224e-02	-3.116011e-03	-8.768942e-02	7.034052e-02	3.697766e-03	-3.431752e-03	1.139340e-03	1.150107e-02	-8.955610e-03	4.068741e-02	-5.207164e-02	6.310111e-02	1.547950e-02	-3.098276e-02	-4.817869e-01	1.000000e+00	-9.838062e-01	9.382578e-01	-5.770365e-01	2.095506e-01	1.847757e-01	-2.191488e-01	2.478417e-01	4.697837e-02	-8.573107e-02	
-7.236989e-02	2.350771e-03	9.298202e-02	-7.444133e-02	-7.043454e-03	6.676163e-03	-4.152068e-03	-1.071816e-02	8.560040e-03	-4.336550e-02	5.600372e-02	-6.845588e-02	-1.773182e-02	3.453798e-02	5.421549e-01	-9.838062e-01	1.000000e+00	-9.845828e-01	5.064538e-01	-1.239135e-01	-1.930473e-01	2.324194e-01	-2.663398e-01	-6.575511e-02	1.149820e-01	
6.430631e-02	-7.469270e-03	-8.857246e-02	7.186257e-02	1.051890e-02	-1.016080e-02	7.862333e-03	6.726209e-03	-5.611666e-03	4.236503e-02	-5.502668e-02	6.760976e-02	1.785311e-02	-3.418360e-02	-5.896276e-01	9.382578e-01	-9.845828e-01	1.000000e+00	-4.248049e-01	4.166683e-02	1.929743e-01	-2.354462e-01	2.729050e-01	7.851383e-02	-1.342908e-01	
6.155142e-02	1.341157e-01	-3.737241e-02	6.391990e-03	-1.730265e-03	1.124157e-03	-4.300237e-03	4.986603e-02	-4.409928e-02	1.720387e-02	-2.273987e-02	2.841941e-02	1.269600e-02	-2.704363e-02	5.797322e-02	-5.770365e-01	5.064538e-01	-4.248049e-01	1.000000e+00	-9.041801e-01	-9.725290e-03	1.197567e-02	-1.435946e-02	8.026103e-02	-1.601561e-01	
-7.062610e-02	-1.354246e-01	5.964570e-02	-2.566967e-02	-2.791150e-03	3.248697e-03	5.778995e-04	-4.962938e-02	4.430177e-02	-3.153407e-02	4.059444e-02	-4.970553e-02	-1.545869e-02	3.545221e-02	1.887483e-01	2.095506e-01	-1.239135e-01	4.166683e-02	-9.041801e-01	1.000000e+00	-6.561816e-02	7.798100e-02	-8.678169e-02	-1.172951e-01	2.363852e-01	
2.239714e-02	-1.702934e-02	-4.296162e-01	2.997306e-01	1.243102e-02	-1.684121e-02	1.643912e-02	2.707131e-02	-2.888544e-02	1.670782e-01	-2.227889e-01	2.886933e-01	6.709773e-02	-1.360356e-01	1.896721e-01	1.847757e-01	-1.930473e-01	1.929743e-01	-9.725290e-03	-6.561816e-02	1.000000e+00	-9.847438e-01	9.234194e-01	-7.218123e-01	5.490883e-01	
-1.345027e-02	1.322813e-02	5.366996e-01	-3.757519e-01	-1.844993e-02	2.360868e-02	-2.282783e-02	-2.869689e-02	3.179844e-02	-2.120979e-01	2.826406e-01	-3.662541e-01	-7.992757e-02	1.663436e-01	-2.427197e-01	-2.191488e-01	2.324194e-01	-2.354462e-01	1.197567e-02	7.798100e-02	-9.847438e-01	1.000000e+00	-9.753399e-01	6.675104e-01	-4.851695e-01	
-1.705372e-02	4.053198e-03	-6.613699e-01	4.642366e-01	2.518173e-02	-3.123616e-02	3.014814e-02	2.968374e-02	-3.439770e-02	2.670545e-01	-3.554790e-01	4.607371e-01	9.147982e-02	-1.994535e-01	3.132137e-01	2.478417e-01	-2.663398e-01	2.729050e-01	-1.435946e-02	-8.678169e-02	9.234194e-01	-9.753399e-01	1.000000e+00	-5.579208e-01	3.711193e-01	
1.357943e-01	-8.588097e-02	-1.160027e-01	8.923028e-02	5.094542e-03	-5.625436e-03	4.249511e-03	7.767077e-03	-4.077773e-03	4.303945e-02	-5.385856e-02	6.414527e-02	2.967192e-02	-3.985450e-02	2.065960e-02	4.697837e-02	-6.575511e-02	7.851383e-02	8.026103e-02	-1.172951e-01	-7.218123e-01	6.675104e-01	-5.579208e-01	1.000000e+00	-9.626035e-01	
-1.193602e-01	5.600009e-02	2.601882e-01	-1.893603e-01	-9.441731e-03	1.155293e-02	-9.910439e-03	-2.086266e-02	1.766420e-02	-1.047415e-01	1.356753e-01	-1.700984e-01	-4.842842e-02	8.519416e-02	-6.967034e-02	-8.573107e-02	1.149820e-01	-1.342908e-01	-1.601561e-01	2.363852e-01	5.490883e-01	-4.851695e-01	3.711193e-01	-9.626035e-01	1.000000e+00	

Time taken for mcmc chain: 1.425000 hours
