0.0003653988748633	1.0
0.0021383115324945198	0.9999999999999997
0.003911224190125739	0.9999999999999998
0.005684136847756959	1.0000000000000018
0.007457049505388179	0.9999999999999996
0.009229962163019398	1.0000000000000009
0.011002874820650616	0.9999999999999976
0.012775787478281836	0.9999999999999963
0.014548700135913056	0.9999999999999986
0.016321612793544275	1.0000000000000007
0.018094525451175496	0.9999999999999991
0.019867438108806715	1.0000000000000002
0.021640350766437933	1.000000000000003
0.023413263424069155	0.9999999999999973
0.025186176081700373	1.0000000000000009
0.026959088739331595	1.0000000000000004
0.028732001396962813	1.004542098686134
0.03050491405459403	1.0007180597423073
0.032277826712225254	1.0000019373936
0.034050739369856475	0.9999999373437735
0.0358236520274877	0.9999987238114132
0.03759656468511891	0.9999992420776592
0.039369477342750134	0.9990746179080457
0.041142390000381356	0.9965707510794823
0.04291530265801257	0.9932439557896707
0.04468821531564379	0.9897669811258777
0.046461127973275014	0.9866783771200576
0.048234040630906236	0.984396586316511
0.05000695328853745	0.98321840697694
0.05177986594616867	0.983313127317042
0.053552778603799894	0.9847892216414431
0.05532569126143111	0.9876159560840296
0.05709860391906233	0.9917780172222267
0.05887151657669355	0.997132972153287
0.06064442923432477	1.003633095009695
0.06241734189195599	1.0108294258988142
0.0641902545495872	1.0183141974590717
0.06596316720721843	1.0255614960511363
0.06773607986484964	1.0321800804155847
0.06950899252248086	1.0378850441187448
0.07128190518011208	1.042122496139814
0.0730548178377433	1.0446603522030766
0.07482773049537451	1.0457533466401645
0.07660064315300574	1.045313428303222
0.07837355581063696	1.0424549921840454
0.08014646846826817	1.0385518009073404
0.0819193811258994	1.0328462918639165
0.08369229378353062	1.0258628009246347
0.08546520644116183	1.0181189739564167
0.08723811909879306	1.0092397709622032
0.08901103175642427	1.0002053579215704
0.0907839444140555	0.9909382670401778
0.09255685707168672	0.9819972724169737
0.09432976972931793	0.9735598569992601
0.09610268238694916	0.9662390878586731
0.09787559504458038	0.9596354977260934
0.09964850770221159	0.9551347842304536
0.10142142035984282	0.9511617593163639
0.10319433301747404	0.9501294445381308
0.10496724567510525	0.9497618388804252
0.10674015833273648	0.9517982326923067
0.1085130709903677	0.9549937030806788
0.11028598364799891	0.9598352822028672
0.11205889630563014	0.9660397690694832
0.11383180896326135	0.9731209656599689
0.11560472162089257	0.9813521994610086
0.1173776342785238	0.9898653062620031
0.11915054693615501	0.9988430307225451
0.12092345959378623	1.0077184038421672
0.12269637225141745	1.0161553667687457
0.12446928490904867	1.0240312375142475
0.1262421975666799	1.0310102438425448
0.1280151102243111	1.0367159359713292
0.12978802288194236	1.0414936173759681
0.13156093553957357	1.044201075288117
0.13333384819720479	1.0462969310210575
0.135106760854836	1.0456495602504747
0.13687967351246721	1.0444793063694195
0.13865258617009843	1.041060779856368
0.14042549882772967	1.0368645625976805
0.1421984114853609	1.0312384720115881
0.1439713241429921	1.0247835258594902
0.14574423680062332	1.0176385376553878
0.14751714945825453	1.009983900131684
0.14929006211588575	1.0021493548836107
0.151062974773517	0.9944708058039744
0.1528358874311482	0.9869185661472224
0.15460880008877942	0.9801650173966021
0.15638171274641063	0.9738967641261171
0.15815462540404185	0.9686632741317264
0.15992753806167306	0.9644338769539901
0.1617004507193043	0.9611590593846594
0.16347336337693552	0.9594329186440239
0.16524627603456674	0.9583516504018104
0.16701918869219795	0.9592586796750816
0.16879210134982917	0.9605749286830193
0.17056501400746038	0.9637182034409468
0.17233792666509162	0.9673265728583119
0.17411083932272284	0.9720953799146704
0.17588375198035405	0.9773831242791963
0.17765666463798527	0.9832342217025276
0.17942957729561648	0.9893775495461058
0.18120248995324773	0.995662970521134
0.18297540261087894	1.0018475516916385
0.18474831526851015	1.0079670584223444
0.18652122792614137	1.0133049047423255
0.18829414058377258	1.0183034078967856
0.1900670532414038	1.0222994750594805
0.19183996589903504	1.025544757803801
0.19361287855666626	1.0278584178589814
0.19538579121429747	1.0289996809522082
0.1971587038719287	1.0294803389883413
0.1989316165295599	1.0284772638135826
0.20070452918719112	1.0271363527089725
0.20247744184482236	1.0243042160143605
0.20425035450245357	1.021222392742076
0.2060232671600848	1.017253458120798
0.207796179817716	1.013017673494843
0.20956909247534722	1.008402584875564
0.21134200513297843	1.0037182818145651
0.21311491779060968	0.9989890386619277
0.2148878304482409	0.9945507656902044
0.2166607431058721	0.9901853893961262
0.21843365576350332	0.9865384469529422
0.22020656842113454	0.9830821820522734
0.22197948107876575	0.9804364271750768
0.223752393736397	0.9782405212709603
0.2255253063940282	0.9767796104141399
0.22729821905165942	0.9760449273666189
0.22907113170929064	0.9758514233459217
0.23084404436692185	0.9766103076155375
0.2326169570245531	0.9776595863604494
0.2343898696821843	0.9797676333631645
0.23616278233981552	0.9820515849819353
0.23793569499744674	0.9850630120795016
0.23970860765507795	0.9882564807420324
0.24148152031270917	0.9917935445168541
0.2432544329703404	0.9954039370196517
0.24502734562797163	0.9990768818045936
0.24680025828560284	1.0025637408430448
0.24857317094323406	1.005982810418173
0.25034608360086524	1.0088917547078429
0.2521189962584965	1.0116675520347993
0.25389190891612773	1.0137621802659607
0.2556648215737589	1.015569507652718
0.25743773423139016	1.0167461166828804
0.2592106468890214	1.0174271556625634
0.2609835595466526	1.0176249209233783
0.26275647220428383	1.017163967546737
0.264529384861915	1.0164201734932148
0.26630229751954626	1.0149378667857942
0.26807521017717745	1.013312267040323
0.2698481228348087	1.0111067711613633
0.27162103549243993	1.008793589516231
0.2733939481500711	1.0062029077406471
0.27516686080770236	1.0035666191814008
0.27693977346533355	1.0008794943786492
0.2787126861229648	0.9983202722220156
0.28048559878059603	0.99582513355078
0.2822585114382272	0.9936763712229932
0.28403142409585846	0.9916141268363977
0.28580433675348965	0.9900879571804835
0.2875772494111209	0.9887256025479073
0.28935016206875214	0.987864908880564
0.2911230747263833	0.9873121923439532
0.29289598738401457	0.9871522762262284
0.29466890004164575	0.9874123761228988
0.296441812699277	0.9879162067556072
0.2982147253569082	0.9888964093057522
0.2999876380145394	0.9899853784668051
0.30176055067217067	0.9915031291425319
0.30353346332980186	0.9930778618260067
0.3053063759874331	0.9948634584584624
0.3070792886450643	0.9966822677469747
0.30885220130269553	0.9985496576499461
0.31062511396032677	1.000348344013899
0.31239802661795796	1.0021011076621913
0.3141709392755892	1.0036482828936129
0.3159438519332204	1.0051416890216591
0.31771676459085163	1.006268827132482
0.3194896772484828	1.0073102328466468
0.32126258990611406	1.0079830533945588
0.3230355025637453	1.0084748302798154
0.3248084152213765	1.0086617856893278
0.32658132787900773	1.0085815411842824
0.3283542405366389	1.0082963560392408
0.33012715319427016	1.007697610420092
0.3319000658519014	1.0069994350823077
0.3336729785095326	1.0060033867019125
0.33544589116716383	1.0049642474042697
0.337218803824795	1.0037596606527037
0.33899171648242626	1.0025366593540994
0.34076462914005745	1.001277780629068
0.3425375417976887	1.0000592635870853
0.34431045445531994	0.9988761834219718
0.3460833671129511	0.9978189135136729
0.34785627977058237	0.9968091744875706
0.34962919242821355	0.9960181369127474
0.3514021050858448	0.9952788467991535
0.35317501774347604	0.9947961546334393
0.3549479304011072	0.9944105327007237
0.35672084305873847	0.9942453514578223
0.35849375571636966	0.994238094400565
0.3602666683740009	0.9943893749535695
0.36203958103163214	0.9947385921869543
0.3638124936892633	0.9951757684235513
0.36558540634689457	0.995815174761475
0.36735831900452576	0.9964919256540594
0.369131231662157	0.9972997149291898
0.3709041443197882	0.9981202016616161
0.37267705697741943	0.9989746279860597
0.3744499696350507	0.9998037253622359
0.37622288229268186	1.0006037472936362
0.3779957949503131	1.0013218042196954
0.3797687076079443	1.0019974246478702
0.38154162026557553	1.0025323354081082
0.3833145329232068	1.0030341263302618
0.38508744558083796	1.003353094438086
0.3868603582384692	1.0036245197174558
0.3886332708961004	1.0037443915618036
0.39040618355373163	1.0037805052677036
0.3921790962113628	1.0037065368861715
0.39395200886899406	1.003522922585919
0.3957249215266253	1.003273634144523
0.3974978341842565	1.002906121087184
0.39927074684188774	1.0025112637199236
0.4010436594995189	1.0020205800007098
0.40281657215715017	1.0015222178548593
0.4045894848147814	1.0009941366495663
0.4063623974724126	1.0004758161461587
0.40813531013004384	0.9999722209325853
0.409908222787675	0.999513866732274
0.41168113544530627	0.9990867014057158
0.4134540481029375	0.9987407835682206
0.4152269607605687	0.9984170875834071
0.41699987341819994	0.9982121094017432
0.4187727860758311	0.9980298372696186
0.42054569873346237	0.9979444441261466
0.42231861139109356	0.9978998315233547
0.4240915240487248	0.9979261218509133
0.42586443670635604	0.9980042560444022
0.42763734936398723	0.9981233820964415
0.42941026202161847	0.998296916616441
0.43118317467924966	0.9984884183544102
0.4329560873368809	0.9987214469346057
0.43472899999451214	0.9989588717506499
0.43650191265214333	0.9992086387919004
0.4382748253097746	0.9994503179415379
0.44004773796740576	0.9996756988477028
0.441820650625037	0.9998663064614354
0.4435935632826682	1.0000254477344455
0.44536647594029943	1.0001019971562795
0.4471393885979307	1.0001461503523794
0.44891230125556186	1.0000743449495013
0.4506852139131931	0.9999999999999998
0.4524581265708243	1.0000000000000004
0.45423103922845554	1.000000000000001
0.4560039518860868	1.0000000000000007
0.45777686454371797	1.0000000000000007
0.4595497772013492	1.0000000000000009
0.4613226898589804	1.0000000000000009
0.46309560251661164	1.0000000000000009
0.4648685151742429	1.000000000000001
0.46664142783187407	1.0000000000000013
0.4684143404895053	1.0000000000000009
0.4701872531471365	1.0000000000000004
0.47196016580476774	1.0
0.4737330784623989	0.9999999999999998
0.47550599112003017	0.9999999999999999
0.4772789037776614	0.9999999999999997
0.4790518164352926	0.9999999999999992
0.48082472909292384	1.0000000000000009
0.48259764175055503	1.0000000000000029
0.48437055440818627	1.000000000000001
0.4861434670658175	0.9999999999999998
0.4879163797234487	0.9999999999999996
0.48968929238107994	0.9999999999999994
0.49146220503871113	0.9999999999999997
0.4932351176963424	0.9999999999999996
0.49500803035397356	0.9999999999999993
0.4967809430116048	0.9999999999999998
0.49855385566923605	1.0000000000000004
0.5003267683268672	0.9999999999999997
0.5020996809844984	0.9999999999999991
0.5038725936421297	0.9999999999999998
0.5056455062997609	1.0
0.5074184189573921	0.9999999999999998
0.5091913316150234	0.9999999999999999
0.5109642442726545	1.0000000000000002
0.5127371569302858	1.0000000000000002
0.514510069587917	1.0
0.5162829822455482	0.9999999999999992
0.5180558949031795	0.9999999999999988
0.5198288075608106	1.0000000000000004
0.5216017202184419	1.000000000000001
0.5233746328760731	1.0000000000000004
0.5251475455337044	1.0000000000000004
0.5269204581913356	1.0000000000000009
0.5286933708489667	1.0000000000000007
0.530466283506598	1.0000000000000002
0.5322391961642292	1.0000000000000004
0.5340121088218605	1.0000000000000004
0.5357850214794916	1.0
0.5375579341371228	0.9999999999999999
0.5393308467947541	1.0000000000000004
0.5411037594523853	1.0000000000000009
0.5428766721100166	1.000000000000001
0.5446495847676477	1.0000000000000004
0.5464224974252789	0.9999999999999998
0.5481954100829102	1.0
0.5499683227405414	1.0000000000000004
0.5517412353981727	1.0000000000000007
0.5535141480558038	1.0000000000000007
0.555287060713435	1.0000000000000004
0.5570599733710663	1.0000000000000004
0.5588328860286975	1.0000000000000004
0.5606057986863288	1.0
0.5623787113439599	0.9999999999999992
0.5641516240015911	1.0
0.5659245366592224	1.000000000000001
0.5676974493168536	0.9999999999999997
0.5694703619744849	0.999999999999999
0.571243274632116	1.0000000000000002
0.5730161872897472	1.0000000000000002
0.5747890999473785	0.9999999999999989
0.5765620126050097	0.999999999999999
0.578334925262641	0.9999999999999999
0.5801078379202721	1.0
0.5818807505779033	1.0
0.5836536632355346	1.0000000000000007
0.5854265758931658	1.000000000000001
0.587199488550797	1.0000000000000004
0.5889724012084282	0.9999999999999997
0.5907453138660594	0.9999999999999984
0.5925182265236907	0.999999999999999
0.5942911391813219	1.0000000000000009
0.5960640518389531	1.000000000000001
0.5978369644965843	1.0000000000000007
0.5996098771542155	0.9999999999999997
0.6013827898118468	0.999999999999999
0.603155702469478	0.9999999999999993
0.6049286151271092	0.9999999999999996
0.6067015277847404	0.9999999999999998
0.6084744404423716	0.9999999999999998
0.6102473531000029	0.9999999999999997
0.6120202657576341	1.0000000000000004
0.6137931784152653	1.0000000000000013
0.6155660910728965	1.0000000000000002
0.6173390037305277	0.9999999999999992
0.619111916388159	1.0
0.6208848290457902	0.9999999999999999
0.6226577417034214	0.9999999999999984
0.6244306543610526	0.9999999999999986
0.6262035670186838	0.9999999999999999
0.6279764796763151	1.0000000000000002
0.6297493923339463	1.0
0.6315223049915775	0.9999999999999989
0.6332952176492087	0.9999999999999979
0.63506813030684	0.9999999999999989
0.6368410429644712	0.9999999999999997
0.6386139556221023	1.0000000000000002
0.6403868682797336	1.0000000000000004
0.6421597809373648	1.0000000000000002
0.643932693594996	1.0000000000000002
0.6457056062526273	1.0000000000000002
0.6474785189102584	1.0
0.6492514315678897	0.9999999999999999
0.6510243442255209	0.9999999999999998
0.6527972568831522	0.9999999999999999
0.6545701695407834	1.0
0.6563430821984145	1.0000000000000002
0.6581159948560458	1.0000000000000002
0.659888907513677	1.0
0.6616618201713083	0.9999999999999998
0.6634347328289395	1.0
0.6652076454865706	1.0000000000000002
0.6669805581442019	1.0
0.6687534708018331	0.9999999999999999
0.6705263834594644	0.9999999999999998
0.6722992961170956	1.0000000000000002
0.6740722087747267	1.000000000000001
0.675845121432358	1.0000000000000007
0.6776180340899892	0.9999999999999996
0.6793909467476205	1.0000000000000004
0.6811638594052516	1.0000000000000016
0.6829367720628828	1.0000000000000004
0.6847096847205141	0.9999999999999996
0.6864825973781453	0.9999999999999997
0.6882555100357766	0.9999999999999998
0.6900284226934077	1.0
0.6918013353510389	1.0
0.6935742480086702	0.9999999999999998
0.6953471606663014	1.0
0.6971200733239327	1.0000000000000004
0.6988929859815638	0.9999999999999997
0.700665898639195	0.9999999999999991
0.7024388112968263	0.9999999999999997
0.7042117239544575	1.0000000000000002
0.7059846366120888	1.0000000000000007
0.7077575492697199	1.0000000000000004
0.7095304619273511	0.9999999999999996
0.7113033745849824	0.9999999999999994
0.7130762872426136	0.9999999999999997
0.7148491999002449	1.0
0.716622112557876	1.0000000000000002
0.7183950252155072	1.0
0.7201679378731385	1.0000000000000002
0.7219408505307697	1.0000000000000004
0.723713763188401	1.0000000000000004
0.7254866758460321	1.0
0.7272595885036633	1.0
0.7290325011612946	1.0000000000000002
0.7308054138189258	1.0000000000000002
0.732578326476557	1.0000000000000004
0.7343512391341882	1.0000000000000013
0.7361241517918194	1.0000000000000016
0.7378970644494507	1.0000000000000004
0.7396699771070819	0.9999999999999999
0.7414428897647131	1.0000000000000002
0.7432158024223443	1.0
0.7449887150799755	0.9999999999999998
0.7467616277376068	1.0000000000000004
0.748534540395238	1.0000000000000013
0.7503074530528692	1.0000000000000004
0.7520803657105004	0.9999999999999997
0.7538532783681317	0.9999999999999991
0.7556261910257629	0.9999999999999992
0.7573991036833941	1.0
0.7591720163410253	1.0000000000000002
0.7609449289986565	1.0
0.7627178416562878	0.9999999999999999
0.764490754313919	0.9999999999999997
0.7662636669715502	0.9999999999999996
0.7680365796291814	0.9999999999999994
0.7698094922868126	0.9999999999999996
0.7715824049444439	0.9999999999999998
0.7733553176020751	1.0
0.7751282302597063	1.0000000000000002
0.7769011429173375	1.0000000000000002
0.7786740555749687	0.9999999999999998
0.7804469682326	0.9999999999999992
0.7822198808902312	0.9999999999999993
0.7839927935478623	0.9999999999999994
0.7857657062054936	0.9999999999999996
0.7875386188631248	0.9999999999999999
0.7893115315207561	1.0000000000000007
0.7910844441783873	1.0000000000000007
0.7928573568360184	1.0000000000000002
0.7946302694936497	1.0000000000000007
0.7964031821512809	1.000000000000001
0.7981760948089122	1.0000000000000004
0.7999490074665434	0.9999999999999998
0.8017219201241745	0.9999999999999986
0.8034948327818058	0.9999999999999984
0.805267745439437	1.0000000000000002
0.8070406580970683	1.0000000000000007
0.8088135707546995	1.0
0.8105864834123306	0.9999999999999998
0.8123593960699619	0.9999999999999998
0.8141323087275931	1.0000000000000004
0.8159052213852244	1.000000000000001
0.8176781340428556	1.0000000000000009
0.8194510467004867	1.0000000000000004
0.821223959358118	1.0
0.8229968720157492	0.9999999999999993
0.8247697846733805	0.9999999999999984
0.8265426973310117	0.9999999999999989
0.8283156099886428	0.9999999999999999
0.8300885226462741	0.9999999999999998
0.8318614353039053	0.9999999999999996
0.8336343479615366	0.9999999999999991
0.8354072606191677	0.999999999999999
0.837180173276799	1.0
0.8389530859344302	1.0000000000000004
0.8407259985920614	1.0000000000000004
0.8424989112496927	1.0000000000000004
0.8442718239073238	1.0000000000000007
0.846044736564955	1.0
0.8478176492225863	0.9999999999999993
0.8495905618802175	0.9999999999999999
0.8513634745378488	1.0000000000000002
0.8531363871954799	0.9999999999999998
0.8549092998531111	0.9999999999999997
0.8566822125107424	0.9999999999999997
0.8584551251683736	0.9999999999999996
0.8602280378260049	0.9999999999999994
0.862000950483636	0.9999999999999992
0.8637738631412673	0.9999999999999989
0.8655467757988985	0.9999999999999992
0.8673196884565297	0.9999999999999996
0.869092601114161	0.9999999999999998
0.8708655137717921	0.9999999999999999
0.8726384264294234	0.9999999999999997
0.8744113390870546	0.9999999999999998
0.8761842517446858	1.0
0.8779571644023171	1.0000000000000004
0.8797300770599482	1.000000000000001
0.8815029897175795	1.0000000000000004
0.8832759023752107	0.9999999999999998
0.8850488150328419	0.9999999999999999
0.8868217276904731	1.0
0.8885946403481043	1.0000000000000002
0.8903675530057356	1.0000000000000004
0.8921404656633668	1.000000000000001
0.893913378320998	1.0000000000000002
0.8956862909786292	0.9999999999999992
0.8974592036362604	0.9999999999999989
0.8992321162938917	0.9999999999999987
0.9010050289515229	0.9999999999999991
0.9027779416091541	0.9999999999999994
0.9045508542667853	0.9999999999999997
0.9063237669244165	1.0000000000000002
0.9080966795820478	1.0000000000000009
0.909869592239679	1.0000000000000009
0.9116425048973102	1.0000000000000004
0.9134154175549414	1.0000000000000009
0.9151883302125726	1.000000000000001
0.9169612428702039	1.0000000000000004
0.9187341555278351	1.0
0.9205070681854663	0.9999999999999993
0.9222799808430975	0.9999999999999991
0.9240528935007287	0.9999999999999993
0.92582580615836	1.0
0.9275987188159912	1.0000000000000009
0.9293716314736225	1.0
0.9311445441312536	0.9999999999999992
0.9329174567888848	0.9999999999999999
0.9346903694465161	1.0000000000000002
0.9364632821041473	0.9999999999999998
0.9382361947617784	0.9999999999999994
0.9400091074194097	0.9999999999999996
0.9417820200770409	0.9999999999999997
0.9435549327346722	0.9999999999999999
0.9453278453923034	0.9999999999999996
0.9471007580499345	0.9999999999999991
0.9488736707075658	0.9999999999999991
0.950646583365197	0.9999999999999992
0.9524194960228283	0.9999999999999994
0.9541924086804595	0.9999999999999997
0.9559653213380906	0.9999999999999997
0.9577382339957219	0.9999999999999997
0.9595111466533531	0.9999999999999997
0.9612840593109844	0.9999999999999997
0.9630569719686156	0.9999999999999997
0.9648298846262467	0.9999999999999997
0.966602797283878	0.9999999999999997
0.9683757099415092	0.9999999999999997
0.9701486225991405	0.9999999999999997
0.9719215352567717	0.9999999999999997
0.9736944479144028	0.9999999999999997
0.9754673605720341	0.9999999999999997
0.9772402732296653	0.9999999999999997
0.9790131858872966	0.9999999999999998
0.9807860985449278	0.9999999999999998
0.982559011202559	0.9999999999999998
0.9843319238601902	0.9999999999999998
0.9861048365178214	0.9999999999999998
0.9878777491754527	0.9999999999999998
0.9896506618330838	0.9999999999999998
0.991423574490715	0.9999999999999998
0.9931964871483463	0.9999999999999998
0.9949693998059775	0.9999999999999998
0.9967423124636088	0.9999999999999998
0.9985152251212399	0.9999999999999998
1.000288137778871	0.9999999999999998
1.0020610504365024	0.9999999999999998
1.0038339630941335	0.9999999999999998
1.0056068757517649	0.9999999999999998
1.007379788409396	0.9999999999999998
1.0091527010670274	0.9999999999999998
1.0109256137246585	0.9999999999999998
1.0126985263822896	0.9999999999999998
1.014471439039921	0.9999999999999998
1.0162443516975521	0.9999999999999999
1.0180172643551835	0.9999999999999999
1.0197901770128146	0.9999999999999999
1.0215630896704457	0.9999999999999999
1.023336002328077	0.9999999999999999
1.0251089149857082	0.9999999999999999
1.0268818276433396	0.9999999999999999
1.0286547403009707	0.9999999999999999
1.0304276529586018	0.9999999999999999
1.0322005656162332	0.9999999999999999
1.0339734782738643	0.9999999999999999
1.0357463909314957	0.9999999999999999
1.0375193035891268	0.9999999999999999
1.039292216246758	0.9999999999999999
1.0410651289043893	0.9999999999999999
1.0428380415620204	0.9999999999999999
1.0446109542196518	0.9999999999999999
1.046383866877283	0.9999999999999999
1.048156779534914	0.9999999999999999
1.0499296921925454	0.9999999999999999
1.0517026048501765	0.9999999999999999
1.0534755175078079	1.0
1.055248430165439	1.0
1.0570213428230701	1.0
1.0587942554807015	1.0
1.0605671681383326	1.0
1.0623400807959638	1.0
1.0641129934535951	1.0
1.0658859061112262	1.0
1.0676588187688576	1.0
1.0694317314264887	1.0
1.0712046440841199	1.0
1.0729775567417512	1.0
1.0747504693993823	1.0
1.0765233820570137	1.0
1.0782962947146448	1.0
1.080069207372276	1.0
1.0818421200299073	1.0
1.0836150326875384	1.0
1.0853879453451698	1.0
1.087160858002801	1.0
1.088933770660432	1.0
1.0907066833180634	1.0
1.0924795959756946	1.0
1.094252508633326	1.0
1.096025421290957	1.0
1.0977983339485882	1.0
1.0995712466062195	1.0
1.1013441592638507	1.0
1.103117071921482	1.0
1.1048899845791131	1.0
1.1066628972367443	1.0
1.1084358098943756	1.0000000000000002
1.1102087225520068	1.0000000000000002
1.111981635209638	1.0000000000000002
1.1137545478672692	1.0000000000000002
1.1155274605249004	1.0000000000000002
1.1173003731825317	1.0000000000000002
1.1190732858401629	1.0000000000000002
1.1208461984977942	1.0000000000000002
1.1226191111554253	1.0000000000000002
1.1243920238130565	1.0000000000000002
1.1261649364706878	1.0000000000000002
1.127937849128319	1.0000000000000002
1.1297107617859503	1.0000000000000002
1.1314836744435814	1.0000000000000002
1.1332565871012126	1.0000000000000002
1.135029499758844	1.0000000000000002
1.136802412416475	1.0000000000000002
1.1385753250741064	1.0000000000000002
1.1403482377317375	1.0000000000000002
1.1421211503893687	1.0000000000000002
1.143894063047	1.0000000000000002
