7.522095168655e-05	1.000000000000002
0.0019506589347471222	1.000000000000001
0.003826096917807694	1.0000000000000024
0.0057015349008682666	1.0000000000000004
0.0075769728839288385	1.0000000000000004
0.00945241086698941	0.9999999999999988
0.011327848850049983	0.9999999999999996
0.013203286833110554	0.9999999999999992
0.015078724816171127	0.9999999999999989
0.0169541627992317	1.000000000000001
0.01882960078229227	1.0000000000000029
0.020705038765352842	0.9999999999999998
0.022580476748413417	0.9999999999999992
0.024455914731473988	0.9999999999999981
0.02633135271453456	0.9999999999999993
0.028206790697595133	0.9968897544021064
0.030082228680655704	0.9997530911501284
0.03195766666371628	1.0000001110687222
0.03383310464677685	0.9999996768232409
0.03570854262983742	0.9999980446711381
0.03758398061289799	0.9989546832682653
0.03945941859595856	0.995903463192485
0.041334856579019134	0.9917848572636228
0.04321029456207971	0.9874266706848288
0.045085732545140284	0.9835205461421939
0.046961170528200855	0.9805826298560749
0.048836608511261426	0.9789766067920322
0.050712046494322	0.9789421575918926
0.05258748447738257	0.9805381491048082
0.054462922460443146	0.9837728105249766
0.05633836044350372	0.988517828245585
0.05821379842656429	0.9946181132985326
0.06008923640962486	1.00193560226968
0.06196467439268543	1.010055524566677
0.06384011237574601	1.0184446749148075
0.06571555035880658	1.026553466998498
0.06759098834186715	1.0338631997225953
0.06946642632492772	1.0399041904691835
0.07134186430798829	1.0443610675385901
0.07321730229104886	1.0471370735643202
0.07509274027410943	1.048151501727439
0.07696817825717	1.0464276183437249
0.07884361624023058	1.0431425551527453
0.08071905422329115	1.0383603297610904
0.08259449220635172	1.0311778824976374
0.0844699301894123	1.0232200619336163
0.08634536817247287	1.014076583229529
0.08822080615553345	1.0043192251309399
0.09009624413859402	0.994328736265879
0.09197168212165459	0.9845825802089072
0.09384712010471516	0.9753586389763045
0.09572255808777573	0.9670182500534515
0.0975979960708363	0.9602823282609494
0.09947343405389687	0.9542980375047411
0.10134887203695744	0.9512586777184361
0.10322431002001801	0.9491927723250423
0.10509974800307859	0.9494770874901545
0.10697518598613916	0.9516117188288524
0.10885062396919974	0.9550946433392707
0.11072606195226031	0.9609981025345921
0.11260149993532088	0.9675954802445492
0.11447693791838146	0.9759028525495498
0.11635237590144203	0.9847193510628139
0.1182278138845026	0.9941344889996651
0.12010325186756317	1.0035764245993057
0.12197868985062374	1.0129823619281044
0.12385412783368431	1.0214299063897068
0.12572956581674488	1.0292340573388747
0.12760500379980547	1.0357723010687188
0.12948044178286602	1.0406809698873147
0.1313558797659266	1.044629270348901
0.13323131774898717	1.0458481576204244
0.13510675573204775	1.0461966818613366
0.1369821937151083	1.0441969441978667
0.1388576316981689	1.0408476957018806
0.14073306968122945	1.0361787754418248
0.14260850766429004	1.029860457596367
0.14448394564735062	1.0230104894644856
0.14635938363041118	1.0150115203160994
0.14823482161347176	1.0068777324171017
0.15011025959653232	0.998525680751211
0.1519856975795929	0.9905247410665626
0.15386113556265346	0.9826937042922835
0.15573657354571405	0.9760693230253046
0.1576120115287746	0.9699583135289038
0.1594874495118352	0.9652013235385252
0.16136288749489575	0.9616568182737384
0.16323832547795633	0.9591040525304235
0.1651137634610169	0.9585376569746334
0.16698920144407747	0.9586501324818291
0.16886463942713806	0.9607403570458564
0.17074007741019862	0.9636784804662766
0.1726155153932592	0.9677580645224801
0.17449095337631976	0.9729199246352641
0.17636639135938034	0.9785153801100244
0.1782418293424409	0.9849821658972138
0.18011726732550148	0.9915119931025445
0.18199270530856204	0.9981872917435448
0.18386814329162263	1.0046185110752694
0.18574358127468318	1.010883160635307
0.18761901925774377	1.0161469063127448
0.18949445724080433	1.0209991807128682
0.1913698952238649	1.0245475407519637
0.1932453332069255	1.0272166144192403
0.19512077118998605	1.0288960275579215
0.19699620917304664	1.0290939304744253
0.1988716471561072	1.028732206105734
0.20074708513916778	1.026668208754236
0.20262252312222834	1.0240949560699344
0.20449796110528892	1.0205614742434739
0.20637339908834948	1.0163896827657088
0.20824883707141006	1.011856621428775
0.21012427505447062	1.0068971418099701
0.2119997130375312	1.0019275369707348
0.21387515102059176	0.9970336174549395
0.21575058900365235	0.9924226577921254
0.21762602698671293	0.9880785554594684
0.2195014649697735	0.9844533304907173
0.22137690295283408	0.9811135654613151
0.22325234093589463	0.9788073907225597
0.22512777891895522	0.977009969116261
0.22700321690201578	0.9760059584679146
0.22887865488507636	0.9759203702248663
0.23075409286813692	0.9762616111354789
0.2326295308511975	0.9778386668300748
0.23450496883425806	0.9797352710092293
0.23638040681731864	0.9824222144667254
0.2382558448003792	0.9855423849937365
0.2401312827834398	0.9890046696861908
0.24200672076650037	0.9928040415828583
0.24388215874956093	0.9966585484415301
0.2457575967326215	1.0004890848664352
0.24763303471568207	1.0041432705137985
0.24950847269874266	1.0075682080897324
0.2513839106818032	1.0104946628525722
0.25325934866486377	1.0132169610356982
0.2551347866479244	1.0150639326037598
0.25701022463098494	1.0165973783984692
0.2588856626140455	1.0174356400129698
0.26076110059710605	1.0176523631736138
0.26263653858016667	1.0174595840435958
0.2645119765632272	1.016407198751793
0.2663874145462878	1.0151036453282858
0.2682628525293484	1.013146648594929
0.27013829051240895	1.0109141710250011
0.2720137284954695	1.0083818721761388
0.27388916647853007	1.0056261170088774
0.2757646044615907	1.0028052882945966
0.27764004244465124	1.0000046304762071
0.2795154804277118	0.9973099734365447
0.28139091841077235	0.9948080277177578
0.28326635639383296	0.9926310873624726
0.2851417943768935	0.9906315748354592
0.2870172323599541	0.989239471746644
0.2888926703430147	0.9880554158873978
0.29076810832607525	0.9874326994042083
0.2926435463091358	0.9871914522375635
0.29451898429219636	0.9872983035275563
0.296394422275257	0.9879577799790519
0.29826986025831753	0.9888017665475487
0.3001452982413781	0.9901384843626909
0.30202073622443865	0.9916333148876234
0.30389617420749926	0.9933664308358072
0.3057716121905598	0.9952437970197602
0.3076470501736204	0.9971857069017332
0.30952248815668093	0.9991313058196324
0.31139792613974154	1.0010254048874028
0.3132733641228021	1.0027834754176195
0.31514880210586266	1.0043577095775533
0.31702424008892327	1.0057914804023633
0.3188996780719838	1.0068567475642718
0.3207751160550444	1.0077865753248487
0.32265055403810494	1.008294918640013
0.32452599202116555	1.008576203706501
0.3264014300042261	1.0085718457836008
0.32827686798728667	1.0082145696260232
0.3301523059703472	1.0077192622619082
0.33202774395340784	1.0068363201222754
0.3339031819364684	1.0058631956193134
0.33577861991952895	1.004697424459182
0.33765405790258957	1.0034427645700215
0.3395294958856501	1.002131478097143
0.3414049338687107	1.0008184249875052
0.34328037185177124	0.999529793634009
0.34515580983483185	0.9983428641239437
0.3470312478178924	0.9972589485159926
0.34890668580095296	0.9962836148582452
0.3507821237840135	0.9955232280850068
0.35265756176707413	0.9948464911539283
0.3545329997501347	0.9944663799717302
0.35640843773319525	0.9942093488210414
0.3582838757162558	0.9941684617169704
0.3601593136993164	0.9943399862808643
0.362034751682377	0.9946234795998863
0.36391018966543753	0.9951752999499855
0.36578562764849815	0.9957919227263716
0.3676610656315587	0.9965670567303706
0.36953650361461926	0.9974021835970716
0.3714119415976798	0.9982903400105902
0.37328737958074043	0.9991833158489144
0.375162817563801	1.000066906621653
0.37703825554686154	1.0008701214516909
0.3789136935299221	1.0016117720582207
0.3807891315129827	1.002263643580502
0.38266456949604327	1.0027844233377885
0.38454000747910383	1.0032486934665352
0.38641544546216444	1.0035077323958452
0.388290883445225	1.0037054282949864
0.39016632142828556	1.0037523752645972
0.3920417594113461	1.0036843986109212
0.3939171973944067	1.0035313935132868
0.3957926353774673	1.003227596152441
0.39766807336052784	1.0028794193866064
0.3995435113435884	1.0024189071796945
0.401418949326649	1.0019222022788916
0.40329438730970957	1.0013813924396235
0.4051698252927701	1.0008293270559676
0.4070452632758307	1.0002751241287857
0.4089207012588913	0.9997698971847024
0.41079613924195185	0.9992959030945822
0.4126715772250124	0.9988862754046076
0.414547015208073	0.9985487558906504
0.4164224531911336	0.9982556766267565
0.41829789117419414	0.9980785264792269
0.4201733291572547	0.9979377864497391
0.4220487671403153	0.9978955550009608
0.42392420512337586	0.9979077844479756
0.4257996431064364	0.9979756485424506
0.427675081089497	0.9981140345345425
0.4295505190725576	0.9982767536472748
0.43142595705561815	0.9985004792574843
0.4333013950386787	0.9987372919313167
0.4351768330217393	0.9989963268812357
0.4370522710047999	0.99925549763465
0.43892770898786043	0.9995147375306729
0.440803146970921	0.9997338639504272
0.4426785849539816	0.9999289494096605
0.44455402293704216	1.0000564155179537
0.4464294609201027	1.0001100509092076
0.4483048989031633	1.000100437941663
0.4501803368862239	1.0000507593519659
0.45205577486928444	1.0000000000000004
0.453931212852345	0.9999999999999997
0.45580665083540556	0.9999999999999993
0.45768208881846617	0.9999999999999994
0.45955752680152673	0.9999999999999996
0.4614329647845873	0.9999999999999997
0.4633084027676479	1.0000000000000004
0.46518384075070845	1.0000000000000009
0.467059278733769	1.0000000000000004
0.46893471671682957	0.9999999999999997
0.4708101546998902	0.9999999999999988
0.47268559268295074	0.9999999999999988
0.4745610306660113	0.9999999999999989
0.47643646864907185	0.999999999999999
0.47831190663213247	0.9999999999999991
0.480187344615193	0.999999999999999
0.4820627825982536	0.9999999999999986
0.4839382205813142	0.9999999999999982
0.48581365856437475	1.0000000000000004
0.4876890965474353	1.0000000000000016
0.48956453453049587	1.0
0.4914399725135565	0.9999999999999998
0.49331541049661704	1.0000000000000004
0.4951908484796776	1.0
0.49706628646273815	0.9999999999999999
0.49894172444579876	1.0000000000000007
0.5008171624288593	1.0000000000000007
0.5026926004119199	1.0000000000000002
0.5045680383949804	1.0000000000000002
0.506443476378041	1.0
0.5083189143611017	1.0000000000000007
0.5101943523441622	1.0000000000000009
0.5120697903272228	1.0000000000000007
0.5139452283102833	1.0000000000000007
0.5158206662933439	1.0000000000000009
0.5176961042764044	0.9999999999999993
0.519571542259465	0.9999999999999983
0.5214469802425256	0.999999999999999
0.5233224182255862	0.9999999999999992
0.5251978562086468	0.9999999999999989
0.5270732941917073	0.9999999999999999
0.5289487321747679	1.0000000000000009
0.5308241701578285	1.0000000000000002
0.532699608140889	0.9999999999999997
0.5345750461239496	0.9999999999999996
0.5364504841070102	0.9999999999999991
0.5383259220900708	0.9999999999999988
0.5402013600731314	0.9999999999999998
0.5420767980561919	1.0000000000000004
0.5439522360392525	1.0
0.545827674022313	0.9999999999999997
0.5477031120053736	0.9999999999999992
0.5495785499884341	1.0
0.5514539879714948	1.0000000000000007
0.5533294259545554	1.0000000000000007
0.5552048639376159	1.0000000000000007
0.5570803019206765	1.0000000000000007
0.558955739903737	1.0000000000000009
0.5608311778867976	1.000000000000001
0.5627066158698582	1.0000000000000004
0.5645820538529188	0.9999999999999999
0.5664574918359794	0.9999999999999997
0.5683329298190399	0.9999999999999998
0.5702083678021005	1.0000000000000002
0.572083805785161	1.0
0.5739592437682216	0.9999999999999998
0.5758346817512822	0.9999999999999992
0.5777101197343428	0.9999999999999992
0.5795855577174034	0.9999999999999998
0.581460995700464	1.0000000000000002
0.5833364336835245	1.0000000000000007
0.5852118716665851	0.9999999999999994
0.5870873096496456	0.9999999999999993
0.5889627476327062	1.0000000000000009
0.5908381856157667	1.0000000000000007
0.5927136235988274	0.9999999999999996
0.594589061581888	1.0000000000000004
0.5964644995649485	1.0000000000000009
0.5983399375480091	1.0000000000000002
0.6002153755310696	1.0
0.6020908135141302	1.0
0.6039662514971907	1.0000000000000007
0.6058416894802514	1.0000000000000013
0.607717127463312	1.0000000000000004
0.6095925654463725	1.0
0.6114680034294331	1.0000000000000002
0.6133434414124936	1.0000000000000002
0.6152188793955542	1.0
0.6170943173786148	1.0000000000000007
0.6189697553616753	1.0000000000000009
0.620845193344736	0.9999999999999998
0.6227206313277965	0.9999999999999997
0.6245960693108571	1.0000000000000002
0.6264715072939177	0.9999999999999994
0.6283469452769782	0.999999999999999
0.6302223832600388	1.0000000000000002
0.6320978212430993	1.0000000000000007
0.63397325922616	0.9999999999999999
0.6358486972092205	0.9999999999999998
0.6377241351922811	0.9999999999999997
0.6395995731753417	0.9999999999999994
0.6414750111584022	0.9999999999999996
0.6433504491414628	1.0000000000000002
0.6452258871245233	1.0000000000000004
0.6471013251075839	1.0000000000000004
0.6489767630906446	1.0000000000000004
0.6508522010737051	1.0000000000000002
0.6527276390567657	0.9999999999999994
0.6546030770398262	0.9999999999999993
0.6564785150228868	0.9999999999999999
0.6583539530059473	1.0000000000000004
0.6602293909890079	1.0000000000000009
0.6621048289720686	1.0000000000000002
0.6639802669551291	1.0
0.6658557049381897	1.0000000000000004
0.6677311429212502	1.0000000000000007
0.6696065809043108	1.0000000000000009
0.6714820188873714	0.9999999999999993
0.6733574568704319	0.9999999999999982
0.6752328948534926	0.9999999999999982
0.6771083328365531	0.9999999999999992
0.6789837708196137	1.0000000000000009
0.6808592088026743	1.0000000000000004
0.6827346467857348	0.9999999999999997
0.6846100847687954	1.0000000000000002
0.6864855227518559	1.0000000000000002
0.6883609607349165	1.0
0.6902363987179772	1.0000000000000004
0.6921118367010377	1.0000000000000009
0.6939872746840983	1.000000000000001
0.6958627126671588	1.0000000000000009
0.6977381506502194	0.9999999999999999
0.6996135886332799	0.9999999999999994
0.7014890266163405	0.9999999999999991
0.7033644645994012	0.9999999999999991
0.7052399025824617	0.9999999999999992
0.7071153405655223	0.9999999999999992
0.7089907785485828	0.9999999999999993
0.7108662165316434	0.9999999999999993
0.712741654514704	0.9999999999999994
0.7146170924977645	0.9999999999999994
0.7164925304808251	0.9999999999999996
0.7183679684638857	0.9999999999999996
0.7202434064469463	0.9999999999999997
0.7221188444300068	0.9999999999999997
0.7239942824130674	0.9999999999999998
0.725869720396128	0.9999999999999998
0.7277451583791885	0.9999999999999999
0.7296205963622491	0.9999999999999999
0.7314960343453097	1.0
0.7333714723283703	1.0
0.7352469103114309	1.0
0.7371223482944914	1.0000000000000002
0.738997786277552	1.0000000000000002
0.7408732242606125	1.0000000000000002
0.7427486622436731	1.0000000000000002
0.7446241002267338	1.0000000000000004
0.7464995382097943	1.0000000000000004
0.7483749761928549	1.0000000000000004
0.7502504141759154	1.0000000000000004
0.752125852158976	1.0000000000000007
0.7540012901420365	1.0000000000000007
0.7558767281250971	1.0000000000000007
0.7577521661081577	1.0000000000000007
0.7596276040912183	1.0000000000000007
0.7615030420742789	1.0000000000000007
0.7633784800573394	1.0000000000000007
0.7652539180404	1.0000000000000007
0.7671293560234606	1.0000000000000009
0.7690047940065211	1.0000000000000009
0.7708802319895817	1.0000000000000009
0.7727556699726423	1.0000000000000009
0.7746311079557029	1.0000000000000009
0.7765065459387634	1.0000000000000009
0.778381983921824	1.0000000000000009
0.7802574219048846	1.0000000000000009
0.7821328598879451	1.0000000000000009
0.7840082978710057	1.0000000000000009
0.7858837358540662	1.0000000000000009
0.7877591738371269	1.0000000000000009
0.7896346118201875	1.0000000000000009
0.791510049803248	1.000000000000001
0.7933854877863086	1.000000000000001
0.7952609257693691	1.000000000000001
0.7971363637524297	1.000000000000001
0.7990118017354902	1.000000000000001
0.8008872397185509	1.000000000000001
0.8027626777016115	1.000000000000001
0.804638115684672	1.000000000000001
0.8065135536677326	1.000000000000001
0.8083889916507931	1.000000000000001
0.8102644296338537	1.000000000000001
0.8121398676169143	1.000000000000001
0.8140153055999748	1.0000000000000013
0.8158907435830355	1.0000000000000013
0.817766181566096	1.0000000000000013
0.8196416195491566	1.0000000000000013
0.8215170575322172	1.0000000000000013
0.8233924955152777	1.0000000000000013
0.8252679334983383	1.0000000000000013
0.8271433714813988	1.0000000000000013
0.8290188094644595	1.0000000000000013
0.83089424744752	1.0000000000000013
0.8327696854305806	1.0000000000000013
0.8346451234136412	1.000000000000001
0.8365205613967017	1.000000000000001
0.8383959993797623	1.000000000000001
0.8402714373628228	1.000000000000001
0.8421468753458835	1.000000000000001
0.8440223133289441	1.000000000000001
0.8458977513120046	1.000000000000001
0.8477731892950652	1.000000000000001
0.8496486272781257	1.000000000000001
0.8515240652611863	1.000000000000001
0.8533995032442468	1.0000000000000009
0.8552749412273074	1.0000000000000009
0.8571503792103681	1.0000000000000009
0.8590258171934286	1.0000000000000009
0.8609012551764892	1.0000000000000009
0.8627766931595497	1.0000000000000009
0.8646521311426103	1.0000000000000009
0.8665275691256709	1.0000000000000009
0.8684030071087314	1.0000000000000009
0.8702784450917921	1.0000000000000007
0.8721538830748526	1.0000000000000007
0.8740293210579132	1.0000000000000007
0.8759047590409738	1.0000000000000007
0.8777801970240343	1.0000000000000007
0.8796556350070949	1.0000000000000007
0.8815310729901554	1.0000000000000007
0.883406510973216	1.0000000000000007
0.8852819489562767	1.0000000000000007
0.8871573869393372	1.0000000000000004
0.8890328249223978	1.0000000000000004
0.8909082629054583	1.0000000000000004
0.8927837008885189	1.0000000000000004
0.8946591388715794	1.0000000000000004
0.89653457685464	1.0000000000000004
0.8984100148377007	1.0000000000000004
0.9002854528207612	1.0000000000000004
0.9021608908038218	1.0000000000000004
0.9040363287868823	1.0000000000000002
0.9059117667699429	1.0000000000000002
0.9077872047530035	1.0000000000000002
0.909662642736064	1.0000000000000002
0.9115380807191246	1.0000000000000002
0.9134135187021852	1.0000000000000002
0.9152889566852458	1.0000000000000002
0.9171643946683063	1.0000000000000002
0.9190398326513669	1.0000000000000002
0.9209152706344275	1.0
0.922790708617488	1.0
0.9246661466005486	1.0
0.9265415845836092	1.0
0.9284170225666698	1.0
0.9302924605497304	1.0
0.9321678985327909	1.0
0.9340433365158515	1.0
0.935918774498912	1.0
0.9377942124819726	1.0
0.9396696504650333	1.0
0.9415450884480938	1.0
0.9434205264311544	1.0
0.9452959644142149	1.0
0.9471714023972755	1.0
0.949046840380336	1.0
0.9509222783633966	1.0
0.9527977163464572	1.0
0.9546731543295178	1.0
0.9565485923125784	1.0
0.9584240302956389	1.0
0.9602994682786995	1.0
0.96217490626176	1.0
0.9640503442448206	1.0
0.9659257822278812	1.0
0.9678012202109418	1.0
0.9696766581940024	1.0
0.971552096177063	1.0
0.9734275341601235	1.0
0.9753029721431841	1.0
0.9771784101262446	1.0
0.9790538481093052	1.0
0.9809292860923657	1.0
0.9828047240754264	1.0
0.984680162058487	1.0
0.9865556000415475	1.0
0.9884310380246081	1.0
0.9903064760076686	1.0
0.9921819139907292	1.0
0.9940573519737897	1.0
0.9959327899568504	1.0
0.997808227939911	1.0
0.9996836659229715	1.0
1.001559103906032	1.0
1.0034345418890926	1.0
1.0053099798721532	1.0
1.0071854178552138	1.0
1.0090608558382743	1.0
1.0109362938213349	1.0
1.0128117318043954	1.0
1.014687169787456	1.0
1.0165626077705168	1.0
1.0184380457535773	1.0
1.0203134837366379	1.0
1.0221889217196984	1.0
1.024064359702759	1.0
1.0259397976858196	1.0
1.0278152356688801	1.0
1.0296906736519407	1.0
1.0315661116350012	1.0
1.0334415496180618	1.0
1.0353169876011223	1.0
1.037192425584183	1.0
1.0390678635672435	1.0
1.040943301550304	1.0
1.0428187395333646	1.0
1.0446941775164253	1.0
1.046569615499486	1.0
1.0484450534825465	1.0
1.050320491465607	1.0
1.0521959294486676	1.0
1.0540713674317281	1.0
1.0559468054147887	1.0
1.0578222433978492	1.0
1.0596976813809098	1.0
1.0615731193639704	1.0
1.063448557347031	1.0
1.0653239953300915	1.0
1.067199433313152	1.0
1.0690748712962126	1.0
1.0709503092792731	1.0
1.072825747262334	1.0
1.0747011852453945	1.0
1.076576623228455	1.0
1.0784520612115156	1.0
1.0803274991945762	1.0
1.0822029371776367	1.0
1.0840783751606973	1.0
1.0859538131437578	1.0
1.0878292511268184	1.0
1.089704689109879	1.0
1.0915801270929395	1.0
1.093455565076	1.0
