0.0002983469320007	1.000000000000001
0.0019185409038718745	1.0
0.003538734875743049	1.0000000000000007
0.005158928847614224	0.9999999999999993
0.006779122819485398	0.9999999999999996
0.008399316791356573	1.0000000000000016
0.010019510763227747	0.999999999999998
0.011639704735098922	0.9999999999999992
0.013259898706970096	0.9999999999999987
0.01488009267884127	1.0000000000000004
0.016500286650712445	1.000000000000002
0.01812048062258362	1.0000000000000007
0.019740674594454794	1.0000000000000002
0.021360868566325967	0.9999999999999997
0.022981062538197143	0.999999999999998
0.02460125651006832	1.0000000000000009
0.026221450481939492	0.9999999999999977
0.027841644453810665	1.0000000000000016
0.02946183842568184	0.9994457323932503
0.031082032397553017	0.9999146042681104
0.03270222636942419	1.0000003825054438
0.03432242034129536	0.9999998312604454
0.03594261431316654	0.999999990017355
0.03756280828503771	0.9998477294922912
0.039183002256908885	0.9982941906840771
0.04080319622878006	0.9955647264637022
0.04242339020065123	0.992230406584837
0.04404358417252241	0.9888077283581893
0.04566377814439358	0.9857107307794332
0.047283972116264755	0.983278865436181
0.048904166088135935	0.9817423604667018
0.05052436006000711	0.9812798235382864
0.05214455403187828	0.9819675775843284
0.05376474800374945	0.9838290119490004
0.055384941975620626	0.9868758461642287
0.057005135947491806	0.9909965644658685
0.05862532991936298	0.9961003082514625
0.06024552389123415	1.0021194230285142
0.06186571786310533	1.008771856648337
0.06348591183497651	1.0157630944334415
0.06510610580684768	1.022674773669786
0.06672629977871886	1.0292147863599581
0.06834649375059003	1.0350140988753698
0.0699666877224612	1.0396964304720435
0.07158688169433239	1.0432730443863136
0.07320707566620356	1.045902433211068
0.07482726963807473	1.0463682672105723
0.0764474636099459	1.0457783382954386
0.07806765758181708	1.0437626104326745
0.07968785155368825	1.0400073162264099
0.08130804552555942	1.0355488315834538
0.0829282394974306	1.0291886971499684
0.08454843346930177	1.022571499391846
0.08616862744117296	1.0146074868991142
0.08778882141304413	1.006552435775941
0.0894090153849153	0.9980013353127253
0.09102920935678648	0.9895392796306989
0.09264940332865765	0.9813826466799396
0.09426959730052882	0.973607814244509
0.0958897912724	0.9668227966205534
0.09750998524427118	0.9607231718641442
0.09913017921614235	0.9560823917040308
0.10075037318801353	0.9523764463133171
0.1023705671598847	0.9503772151012935
0.10399076113175587	0.9494614777189077
0.10561095510362704	0.9502851651186079
0.10723114907549822	0.9522164362074342
0.10885134304736939	0.9557343641893076
0.11047153701924056	0.960245309781716
0.11209173099111175	0.9660369133659776
0.11371192496298292	0.9725706868673025
0.1153321189348541	0.979970778301686
0.11695231290672527	0.987742586059928
0.11857250687859644	0.9959083660333052
0.12019270085046761	1.0039930274795614
0.12181289482233879	1.0119994874490674
0.12343308879420997	1.01945360405247
0.12505328276608113	1.0264230233273912
0.12667347673795232	1.0324005265499914
0.12829367070982348	1.0375857133859785
0.12991386468169466	1.0414277212602325
0.13153405865356585	1.0442937464510251
0.133154252625437	1.0456087503118685
0.1347744465973082	1.045899788634057
0.13639464056917935	1.0446064540533797
0.13801483454105054	1.0423644460148622
0.1396350285129217	1.0386955154832593
0.14125522248479289	1.03425349386633
0.14287541645666407	1.0287120622728245
0.14449561042853523	1.0226332751618519
0.14611580440040642	1.0159187641006486
0.14773599837227758	1.0089249826525104
0.14935619234414876	1.0018418743999022
0.15097638631601992	0.994723658738447
0.1525965802878911	0.9880540089495347
0.15421677425976227	0.9815411976685705
0.15583696823163345	0.9759477556415452
0.15745716220350464	0.9706383031919635
0.1590773561753758	0.9666380227989301
0.160697550147247	0.9629919310978786
0.16231774411911815	0.9609240291629523
0.16393793809098933	0.9592260263633048
0.1655581320628605	0.95922505088001
0.16717832603473168	0.9595638656540952
0.16879852000660284	0.9615514806014244
0.17041871397847402	0.9638159546943725
0.1720389079503452	0.9675154973965077
0.17365910192221637	0.9714120786183734
0.17527929589408756	0.9763699699478324
0.17689948986595871	0.9814427555020846
0.1785196838378299	0.9870824944797947
0.18013987780970106	0.9927679646743844
0.18176007178157225	0.9985004755951296
0.18338026575344343	1.0042355459765075
0.1850004597253146	1.0094597861341976
0.18662065369718578	1.0146690051243628
0.18824084766905694	1.0187973453168881
0.18986104164092812	1.022894308786643
0.19148123561279928	1.0255672661192563
0.19310142958467047	1.0281732000355046
0.19472162355654166	1.029192495592585
0.19634181752841282	1.030105583946109
0.197962011500284	1.0294538537846905
0.19958220547215516	1.0286716607000623
0.20120239944402635	1.0265131515693482
0.2028225934158975	1.0242245091228137
0.2044427873877687	1.0208787396517782
0.20606298135963985	1.017432536679043
0.20768317533151104	1.013329524002255
0.20930336930338223	1.0091828395312787
0.21092356327525338	1.0047992520774922
0.21254375724712457	1.0004500941137013
0.21416395121899573	0.9962592050592142
0.21578414519086692	0.9921808188235897
0.21740433916273808	0.9885477359073643
0.21902453313460926	0.9851022225522021
0.22064472710648042	0.9823038792460669
0.2222649210783516	0.9797622150776195
0.2238851150502228	0.978000041652353
0.22550530902209395	0.976548393801051
0.22712550299396514	0.9759332023263502
0.2287456969658363	0.9756592305653076
0.23036589093770748	0.9762056575784033
0.23198608490957864	0.9770921029714119
0.23360627888144983	0.9787119686962611
0.23522647285332102	0.9806316801320458
0.23684666682519218	0.9831340518681227
0.23846686079706336	0.9858558888790815
0.24008705476893452	0.9889632229933412
0.2417072487408057	0.9921724018801907
0.24332744271267687	0.9955437310323929
0.24494763668454805	0.9988720963405648
0.24656783065641924	1.0021383253825262
0.2481880246282904	1.0052263617994652
0.24980821860016159	1.0080799126050093
0.25142841257203274	1.0106425475315015
0.25304860654390393	1.012856442232986
0.2546688005157751	1.0146879249528096
0.25628899448764625	1.0161014671373125
0.25790918845951744	1.0170706663451472
0.2595293824313886	1.0175969555921571
0.2611495764032598	1.017660246831845
0.262769770375131	1.0173026313331894
0.2643899643470021	1.016503612061974
0.2660101583188733	1.0153387642473675
0.2676303522907445	1.0137992489905743
0.2692505462626157	1.0119768730392347
0.2708707402344868	1.0098909595674743
0.272490934206358	1.0076240286358096
0.2741111281782292	1.0052379251241967
0.2757313221501004	1.0027774729048722
0.27735151612197156	1.000366195783321
0.2789717100938427	0.997982722817083
0.2805919040657139	0.995799616882657
0.28221209803758507	0.9937189011322923
0.28383229200945626	0.9919565911429032
0.28545248598132744	0.990340833796036
0.2870726799531986	0.9891374565705915
0.28869287392506976	0.9881043204390539
0.29031306789694095	0.9875346548112109
0.29193326186881213	0.9871357170321308
0.29355345584068326	0.9872100477299495
0.29517364981255445	0.9874389595212859
0.29679384378442564	0.9881056413968109
0.2984140377562968	0.9888981178984156
0.300034231728168	0.990053069813224
0.30165442570003914	0.9912987641489799
0.30327461967191033	0.9927993427027471
0.3048948136437815	0.9943548228535529
0.3065150076156527	0.9960304398667049
0.30813520158752383	0.9977279645747248
0.309755395559395	0.9993944398717817
0.3113755895312662	1.0010562247271284
0.3129957835031374	1.0025480064510444
0.3146159774750086	1.0040191522239883
0.3162361714468797	1.0052154395475659
0.3178563654187509	1.0063861100319982
0.3194765593906221	1.0071932866583058
0.32109675336249327	1.0079763283229919
0.3227169473343644	1.0083411982250445
0.3243371413062356	1.008688974293189
0.3259573352781068	1.0086022505595729
0.32757752924997796	1.0085056344951964
0.32919772322184915	1.0080091093301997
0.3308179171937203	1.007502925568826
0.33243811116559147	1.0066811725621632
0.33405830513746265	1.005847808646886
0.33567849910933384	1.0048056811993267
0.33729869308120497	1.003756006997518
0.33891888705307616	1.0026141550748124
0.34053908102494734	1.0014747509233963
0.34215927499681853	1.0003577080269814
0.3437794689686897	0.9992560581091151
0.34539966294056085	0.9982655473883006
0.34701985691243203	0.9973037159346706
0.3486400508843032	0.99651148490042
0.3502602448561744	0.9957608037089732
0.3518804388280456	0.9952164421396584
0.3535006327999167	0.994725747642655
0.3551208267717879	0.9944629329678638
0.3567410207436591	0.9942623634923874
0.3583612147155303	0.9942909564200232
0.3599814086874014	0.994384936434873
0.3616016026592726	0.9946899043175619
0.3632217966311438	0.9950551424693692
0.364841990603015	0.995592299060618
0.36646218457488616	0.9961748302646338
0.3680823785467573	0.9968725706257328
0.3697025725186285	0.9975940659549404
0.37132276649049967	0.9983695522823437
0.37294296046237085	0.9991402943137438
0.374563154434242	0.9999013397159344
0.37618334840611317	1.0006290522847232
0.37780354237798436	1.0012952718456214
0.37942373634985554	1.0019103710866073
0.38104393032172673	1.0024400882003073
0.38266412429359786	1.0029040366665467
0.38428431826546905	1.003268292086102
0.38590451223734024	1.0035561211598558
0.3875247062092114	1.0037386124502905
0.3891449001810826	1.0038404870178839
0.39076509415295374	1.003841185523627
0.3923852881248249	1.0037631697196199
0.3940054820966961	1.0035951119031818
0.3956256760685673	1.0033565601365588
0.39724587004043843	1.0030444669874543
0.3988660640123096	1.0026777495104895
0.4004862579841808	1.0022590524513781
0.402106451956052	1.0018077357183262
0.4037266459279232	1.0013281114503738
0.4053468398997943	1.0008484875129793
0.4069670338716655	1.0003688638370316
0.4085872278435367	0.9999198424981472
0.41020742181540787	0.9994928586624869
0.411827615787279	0.9991189320467192
0.4134478097591502	0.9987797425096153
0.4150680037310214	0.9985060551714154
0.41668819770289256	0.9982712819201669
0.41830839167476375	0.9981084308193482
0.4199285856466349	0.9979842560046993
0.42154877961850606	0.9979304631381912
0.42316897359037725	0.9979108239803528
0.42478916756224844	0.9979562467558081
0.42640936153411957	0.9980300520243772
0.42802955550599076	0.9981568564449284
0.42964974947786194	0.9983043489297789
0.43126994344973313	0.9984902437897497
0.4328901374216043	0.9986894757271926
0.43451033139347545	0.9989088032697666
0.43613052536534663	0.9991342968566189
0.4377507193372178	0.9993539831798985
0.439370913309089	0.9995721089027496
0.44099110728096014	0.99975476891787
0.4426113012528313	0.9999291729152584
0.4442314952247025	1.000032182785562
0.4458516891965737	1.000120997665924
0.4474718831684449	1.000101170433466
0.449092077140316	1.0000632342862632
0.4507122711121872	1.0000325608161609
0.4523324650840584	1.0000028766766094
0.4539526590559296	1.0000000000000009
0.45557285302780076	1.0000000000000004
0.4571930469996719	0.9999999999999998
0.4588132409715431	0.9999999999999991
0.46043343494341427	1.0000000000000002
0.46205362891528545	1.0000000000000013
0.4636738228871566	1.000000000000001
0.46529401685902777	1.0000000000000009
0.46691421083089896	1.000000000000001
0.46853440480277014	1.000000000000001
0.47015459877464133	0.9999999999999994
0.47177479274651246	0.9999999999999978
0.47339498671838365	0.9999999999999992
0.47501518069025483	1.0000000000000004
0.476635374662126	0.9999999999999994
0.47825556863399715	0.9999999999999987
0.47987576260586834	0.9999999999999999
0.4814959565777395	1.0000000000000009
0.4831161505496107	1.0000000000000004
0.4847363445214819	0.9999999999999999
0.48635653849335303	0.9999999999999993
0.4879767324652242	0.999999999999999
0.4895969264370954	0.9999999999999997
0.4912171204089666	1.0000000000000002
0.4928373143808378	1.0000000000000002
0.4944575083527089	1.0000000000000002
0.4960777023245801	1.0
0.4976978962964513	1.0
0.49931809026832247	0.9999999999999998
0.5009382842401936	1.0
0.5025584782120648	1.000000000000001
0.504178672183936	1.0000000000000016
0.5057988661558072	1.0000000000000002
0.5074190601276783	0.9999999999999996
0.5090392540995495	1.0000000000000007
0.5106594480714207	1.0000000000000013
0.5122796420432918	1.0000000000000018
0.513899836015163	1.000000000000002
0.5155200299870342	1.000000000000002
0.5171402239589054	1.0000000000000018
0.5187604179307765	1.0000000000000009
0.5203806119026477	1.0000000000000007
0.5220008058745189	1.000000000000001
0.5236209998463901	1.0000000000000013
0.5252411938182613	1.0000000000000013
0.5268613877901324	1.0000000000000009
0.5284815817620035	0.9999999999999996
0.5301017757338747	0.9999999999999994
0.5317219697057459	1.0000000000000007
0.5333421636776171	1.000000000000001
0.5349623576494883	1.0000000000000004
0.5365825516213595	1.0
0.5382027455932307	0.9999999999999998
0.5398229395651019	0.9999999999999999
0.5414431335369729	1.0000000000000002
0.5430633275088441	1.0000000000000002
0.5446835214807153	1.0
0.5463037154525865	0.9999999999999997
0.5479239094244577	0.9999999999999992
0.5495441033963289	0.9999999999999992
0.5511642973682	0.9999999999999997
0.5527844913400712	0.9999999999999999
0.5544046853119424	1.0
0.5560248792838135	0.9999999999999992
0.5576450732556847	0.999999999999998
0.5592652672275559	0.9999999999999981
0.5608854611994271	0.999999999999999
0.5625056551712982	0.9999999999999994
0.5641258491431694	0.9999999999999997
0.5657460431150406	1.0000000000000004
0.5673662370869118	1.000000000000001
0.568986431058783	1.0000000000000004
0.5706066250306542	0.9999999999999991
0.5722268190025253	0.9999999999999993
0.5738470129743964	1.0
0.5754672069462676	1.0000000000000002
0.5770874009181388	1.0000000000000004
0.57870759489001	1.0000000000000009
0.5803277888618812	1.0000000000000013
0.5819479828337524	1.0000000000000007
0.5835681768056236	0.9999999999999997
0.5851883707774947	0.9999999999999992
0.5868085647493658	0.9999999999999988
0.588428758721237	0.9999999999999987
0.5900489526931082	0.9999999999999986
0.5916691466649794	0.9999999999999982
0.5932893406368506	0.9999999999999979
0.5949095346087218	0.9999999999999987
0.5965297285805929	0.9999999999999996
0.5981499225524641	0.9999999999999999
0.5997701165243353	1.0000000000000002
0.6013903104962064	1.0000000000000007
0.6030105044680776	1.000000000000001
0.6046306984399488	1.0000000000000009
0.60625089241182	1.0000000000000004
0.6078710863836911	1.0000000000000004
0.6094912803555623	1.0000000000000004
0.6111114743274335	1.0000000000000004
0.6127316682993047	1.0000000000000004
0.6143518622711759	1.0000000000000004
0.615972056243047	1.0000000000000004
0.6175922502149181	0.9999999999999991
0.6192124441867893	0.9999999999999981
0.6208326381586605	0.9999999999999998
0.6224528321305317	1.000000000000001
0.6240730261024029	1.0000000000000007
0.6256932200742741	1.0000000000000004
0.6273134140461453	0.9999999999999999
0.6289336080180165	0.9999999999999997
0.6305538019898875	1.0000000000000004
0.6321739959617587	1.000000000000001
0.6337941899336299	1.0000000000000007
0.6354143839055011	1.0000000000000002
0.6370345778773723	1.0000000000000007
0.6386547718492435	1.0000000000000007
0.6402749658211146	1.0000000000000002
0.6418951597929858	0.9999999999999999
0.643515353764857	1.0000000000000002
0.6451355477367281	1.0000000000000002
0.6467557417085993	0.9999999999999996
0.6483759356804705	0.9999999999999991
0.6499961296523417	0.9999999999999993
0.6516163236242128	0.9999999999999996
0.653236517596084	0.9999999999999998
0.6548567115679552	0.9999999999999997
0.6564769055398264	0.9999999999999988
0.6580970995116976	0.9999999999999987
0.6597172934835687	0.9999999999999999
0.6613374874554399	1.0000000000000004
0.662957681427311	1.0000000000000002
0.6645778753991822	1.0
0.6661980693710534	1.0000000000000002
0.6678182633429246	0.9999999999999998
0.6694384573147958	0.9999999999999988
0.671058651286667	0.9999999999999989
0.6726788452585382	1.0000000000000004
0.6742990392304092	1.000000000000001
0.6759192332022804	1.0000000000000009
0.6775394271741516	1.0000000000000009
0.6791596211460228	1.0000000000000007
0.680779815117894	1.0000000000000004
0.6824000090897652	1.0000000000000002
0.6840202030616364	0.9999999999999999
0.6856403970335075	0.9999999999999994
0.6872605910053787	0.9999999999999997
0.6888807849772499	1.0000000000000004
0.690500978949121	1.0
0.6921211729209922	0.999999999999999
0.6937413668928634	0.9999999999999988
0.6953615608647346	0.9999999999999989
0.6969817548366057	0.9999999999999992
0.6986019488084769	0.9999999999999994
0.7002221427803481	0.999999999999999
0.7018423367522193	0.999999999999998
0.7034625307240905	0.9999999999999984
0.7050827246959616	0.9999999999999994
0.7067029186678327	1.0000000000000002
0.7083231126397039	1.0000000000000009
0.7099433066115751	1.0000000000000007
0.7115635005834463	1.0000000000000002
0.7131836945553175	0.9999999999999999
0.7148038885271887	0.9999999999999997
0.7164240824990599	1.0
0.718044276470931	1.0000000000000004
0.7196644704428021	1.0000000000000002
0.7212846644146733	1.0
0.7229048583865445	1.0
0.7245250523584157	1.0
0.7261452463302869	0.9999999999999993
0.7277654403021581	0.9999999999999987
0.7293856342740292	0.9999999999999988
0.7310058282459004	0.9999999999999991
0.7326260222177716	0.9999999999999999
0.7342462161896427	1.0000000000000009
0.7358664101615139	1.0
0.7374866041333851	0.9999999999999991
0.7391067981052563	0.9999999999999994
0.7407269920771274	0.9999999999999998
0.7423471860489986	0.9999999999999999
0.7439673800208698	1.0
0.745587573992741	0.9999999999999997
0.7472077679646122	0.9999999999999994
0.7488279619364833	0.9999999999999994
0.7504481559083545	0.9999999999999994
0.7520683498802256	0.9999999999999992
0.7536885438520968	0.999999999999999
0.755308737823968	0.9999999999999997
0.7569289317958392	1.0000000000000002
0.7585491257677104	1.0000000000000004
0.7601693197395816	1.0000000000000007
0.7617895137114528	1.0000000000000004
0.7634097076833238	1.0000000000000004
0.765029901655195	0.9999999999999999
0.7666500956270662	0.9999999999999997
0.7682702895989374	1.0000000000000009
0.7698904835708086	1.0000000000000016
0.7715106775426798	1.0000000000000007
0.773130871514551	0.9999999999999997
0.7747510654864221	0.9999999999999993
0.7763712594582933	0.9999999999999992
0.7779914534301645	1.0
0.7796116474020356	1.0000000000000007
0.7812318413739068	1.0000000000000002
0.782852035345778	1.0
0.7844722293176492	0.9999999999999999
0.7860924232895203	0.9999999999999999
0.7877126172613915	1.0000000000000002
0.7893328112332627	1.0000000000000004
0.7909530052051339	1.0000000000000002
0.7925731991770051	1.0000000000000004
0.7941933931488762	1.0000000000000007
0.7958135871207473	1.0000000000000009
0.7974337810926185	1.000000000000001
0.7990539750644897	1.0000000000000013
0.8006741690363609	1.000000000000002
0.8022943630082321	1.0000000000000018
0.8039145569801033	1.0000000000000009
0.8055347509519745	1.0000000000000004
0.8071549449238457	1.0000000000000009
0.8087751388957167	1.0000000000000007
0.8103953328675879	0.9999999999999997
0.8120155268394591	0.9999999999999991
0.8136357208113303	0.9999999999999991
0.8152559147832015	0.999999999999999
0.8168761087550727	0.9999999999999988
0.8184963027269438	0.9999999999999992
0.820116496698815	1.0000000000000002
0.8217366906706862	1.0000000000000004
0.8233568846425573	0.9999999999999999
0.8249770786144285	0.9999999999999998
0.8265972725862997	1.0
0.8282174665581709	0.9999999999999999
0.829837660530042	0.9999999999999992
0.8314578545019132	0.9999999999999992
0.8330780484737844	0.9999999999999998
0.8346982424456556	0.9999999999999993
0.8363184364175268	0.9999999999999983
0.8379386303893979	0.9999999999999992
0.839558824361269	1.0000000000000009
0.8411790183331402	1.0000000000000009
0.8427992123050114	0.9999999999999998
0.8444194062768826	0.9999999999999998
0.8460396002487538	1.0000000000000002
0.847659794220625	1.0000000000000002
0.8492799881924962	0.9999999999999999
0.8509001821643674	1.0000000000000002
0.8525203761362384	1.0000000000000009
0.8541405701081096	1.0000000000000004
0.8557607640799808	0.9999999999999997
0.857380958051852	0.9999999999999998
0.8590011520237232	1.0000000000000002
0.8606213459955944	0.9999999999999992
0.8622415399674656	0.9999999999999981
0.8638617339393367	0.999999999999999
0.8654819279112079	1.0000000000000002
0.867102121883079	0.9999999999999997
0.8687223158549502	0.9999999999999987
0.8703425098268214	0.9999999999999986
0.8719627037986926	0.9999999999999987
0.8735828977705637	0.9999999999999987
0.8752030917424349	0.9999999999999987
0.8768232857143061	0.9999999999999987
0.8784434796861773	0.9999999999999987
0.8800636736580485	0.9999999999999987
0.8816838676299196	0.9999999999999988
0.8833040616017908	0.9999999999999988
0.8849242555736619	0.9999999999999988
0.8865444495455331	0.9999999999999988
0.8881646435174043	0.9999999999999988
0.8897848374892755	0.9999999999999988
0.8914050314611467	0.9999999999999988
0.8930252254330179	0.9999999999999989
0.8946454194048891	0.9999999999999989
0.8962656133767603	0.9999999999999989
0.8978858073486313	0.9999999999999989
0.8995060013205025	0.9999999999999989
0.9011261952923737	0.9999999999999989
0.9027463892642449	0.999999999999999
0.9043665832361161	0.999999999999999
0.9059867772079873	0.999999999999999
0.9076069711798584	0.999999999999999
0.9092271651517296	0.999999999999999
0.9108473591236008	0.999999999999999
0.9124675530954719	0.999999999999999
0.9140877470673431	0.9999999999999991
0.9157079410392143	0.9999999999999991
0.9173281350110855	0.9999999999999991
0.9189483289829566	0.9999999999999991
0.9205685229548278	0.9999999999999991
0.922188716926699	0.9999999999999991
0.9238089108985702	0.9999999999999991
0.9254291048704414	0.9999999999999992
0.9270492988423125	0.9999999999999992
0.9286694928141837	0.9999999999999992
0.9302896867860548	0.9999999999999992
0.931909880757926	0.9999999999999992
0.9335300747297972	0.9999999999999992
0.9351502687016684	0.9999999999999992
0.9367704626735396	0.9999999999999993
0.9383906566454108	0.9999999999999993
0.940010850617282	0.9999999999999993
0.941631044589153	0.9999999999999993
0.9432512385610242	0.9999999999999993
0.9448714325328954	0.9999999999999993
0.9464916265047666	0.9999999999999994
0.9481118204766378	0.9999999999999994
0.949732014448509	0.9999999999999994
0.9513522084203802	0.9999999999999994
0.9529724023922513	0.9999999999999994
0.9545925963641225	0.9999999999999994
0.9562127903359936	0.9999999999999994
0.9578329843078648	0.9999999999999996
0.959453178279736	0.9999999999999996
0.9610733722516072	0.9999999999999996
0.9626935662234783	0.9999999999999996
0.9643137601953495	0.9999999999999996
0.9659339541672207	0.9999999999999996
0.9675541481390919	0.9999999999999996
0.9691743421109631	0.9999999999999997
0.9707945360828342	0.9999999999999997
0.9724147300547054	0.9999999999999997
0.9740349240265765	0.9999999999999997
0.9756551179984477	0.9999999999999997
0.9772753119703189	0.9999999999999997
0.9788955059421901	0.9999999999999997
0.9805156999140613	0.9999999999999998
0.9821358938859325	0.9999999999999998
0.9837560878578037	0.9999999999999998
0.9853762818296748	0.9999999999999998
0.9869964758015459	0.9999999999999998
0.9886166697734171	0.9999999999999998
0.9902368637452883	0.9999999999999999
0.9918570577171595	0.9999999999999999
0.9934772516890307	0.9999999999999999
0.9950974456609019	0.9999999999999999
0.996717639632773	0.9999999999999999
0.9983378336046442	0.9999999999999999
0.9999580275765154	0.9999999999999999
1.0015782215483864	1.0
1.0031984155202576	1.0
1.0048186094921288	1.0
1.006438803464	1.0
