0.000105879233439	2809.8542667650104
0.002045506305939984	3001.419186881013
0.003985133378440969	5131.233044189498
0.0059247604509419525	6752.464340301877
0.007864387523442937	7951.681898703262
0.009804014595943922	8805.571701318117
0.011743641668444906	9375.450112698112
0.013683268740945892	9711.792003299333
0.015622895813446875	9856.8962176786
0.01756252288594786	9846.617418535898
0.019502149958448844	9712.15128294122
0.021441777030949828	9481.455138558526
0.023381404103450812	9179.526109866447
0.025321031175951796	8828.224091302845
0.027260658248452783	8446.362202303444
0.029200285320953766	8050.081390328257
0.03113991239345475	7652.71202981435
0.03307953946595574	7264.825610578983
0.03501916653845672	6894.544045790427
0.036958793610957705	6547.903781310394
0.03889842068345869	6238.83755095286
0.04083804775595967	5968.286498430026
0.042777674828460656	5730.015622619389
0.04471730190096164	5518.560317828603
0.04665692897346262	5329.102806642836
0.04859655604596361	5157.465869277917
0.05053618311846459	5000.0484397973105
0.05247581019096558	4853.548924296633
0.054415437263466565	4715.166097436877
0.05635506433596755	4582.549835197548
0.05829469140846853	4453.4823269232575
0.060234318480969516	4326.1920244876
0.0621739455534705	4199.796792042038
0.06411357262597148	4074.8583519937433
0.06605319969847247	3951.6462187770994
0.06799282677097344	3830.5898382805467
0.06993245384347443	3712.0246741247056
0.07187208091597541	3596.1276141204976
0.0738117079884764	3482.8871812720026
0.07575133506097738	3373.3984225073214
0.07769096213347837	3267.382146738779
0.07963058920597935	3164.1339284700343
0.08157021627848034	3064.614124002717
0.08350984335098133	2969.461243593789
0.0854494704234823	2876.843133740319
0.0873890974959833	2788.860469782718
0.08932872456848427	2704.641103678459
0.09126835164098526	2622.7490130534275
0.09320797871348624	2546.6050157074055
0.09514760578598723	2472.4793958025407
0.0970872328584882	2401.6730914372633
0.0990268599309892	2334.505760211492
0.10096648700349017	2269.0548161326524
0.10290611407599116	2207.6844180923504
0.10484574114849216	2148.1942850505393
0.10678536822099313	2090.9884430345774
0.10872499529349412	2036.866070941947
0.1106646223659951	1984.0437377448618
0.11260424943849609	1934.218962733869
0.11454387651099707	1886.0425588202565
0.11648350358349806	1839.4910013967776
0.11842313065599903	1795.5224218999865
0.12036275772850002	1752.5594630570451
0.122302384801001	1711.810096088171
0.12424201187350199	1672.4225112676104
0.12618163894600298	1634.1453752826417
0.12812126601850396	1597.8415090818805
0.13006089309100494	1562.2408380083214
0.13200052016350594	1528.1023465949947
0.13394014723600692	1494.9927204470735
0.1358797743085079	1462.5777993044246
0.13781940138100887	1431.6055799752653
0.13975902845350988	1401.1132544242246
0.14169865552601085	1371.5731045593097
0.14363828259851183	1342.7984521370004
0.14557790967101283	1314.4492571002188
0.1475175367435138	1287.1404967090207
0.1494571638160148	1260.1575068485135
0.15139679088851576	1233.7894800393547
0.15333641796101677	1208.0511302550783
0.15527604503351775	1182.6328087057684
0.15721567210601872	1158.1273318028607
0.1591552991785197	1133.9977918542295
0.1610949262510207	1110.467210846455
0.16303455332352168	1087.6675125842012
0.16497418039602266	1065.216057184761
0.16691380746852366	1043.6916234279217
0.16885343454102464	1022.6075145898473
0.17079306161352562	1002.1040419045981
0.1727326886860266	982.4015516485081
0.1746723157585276	963.0573859509426
0.17661194283102857	944.6106800052539
0.17855156990352955	926.6547486364034
0.18049119697603053	909.2370752936183
0.18243082404853153	892.6629109530343
0.1843704511210325	876.4323292118911
0.18631007819353348	860.9860951235329
0.1882497052660345	845.9744511035553
0.19018933233853547	831.3598855838618
0.19212895941103644	817.375154330293
0.19406858648353742	803.6207646822662
0.19600821355603842	790.3536406090753
0.1979478406285394	777.3903813529085
0.19988746770104038	764.6580804704839
0.20182709477354135	752.3414863583315
0.20376672184604236	740.1633607357229
0.20570634891854334	728.264186425569
0.2076459759910443	716.5568797329412
0.20958560306354532	704.9703193365979
0.2115252301360463	693.6260574299964
0.21346485720854727	682.3575008682352
0.21540448428104825	671.2357549616423
0.21734411135354925	660.2696229104721
0.21928373842605023	649.3860097687867
0.2212233654985512	638.7695414591184
0.22316299257105218	628.2595386460976
0.2251026196435532	617.9418104169614
0.22704224671605416	607.8530344421732
0.22898187378855514	597.8786840777062
0.23092150086105614	588.2335053128988
0.23286112793355712	578.736193062047
0.2348007550060581	569.4588911228828
0.23674038207855908	560.4708455411215
0.23868000915106008	551.6186386825029
0.24061963622356106	543.1274349138821
0.24255926329606203	534.821392465666
0.244498890368563	526.7439559437933
0.24643851744106401	519.0005286270754
0.248378144513565	511.39862257166317
0.250317771586066	504.1277567803435
0.252257398658567	497.0249337331544
0.25419702573106795	490.0948915586118
0.25613665280356895	483.4157515484562
0.25807627987606996	476.83302381749803
0.2600159069485709	470.45983737280477
0.2619555340210719	464.2063891195146
0.2638951610935729	458.0555205202427
0.26583478816607387	452.07206089854606
0.26777441523857487	446.14706308649664
0.2697140423110759	440.3426091547946
0.2716536693835768	434.61355701765933
0.27359329645607783	428.93818807820566
0.2755329235285788	423.35859398400487
0.2774725506010798	417.80883745372773
0.2794121776735808	412.3176838694007
0.28135180474608174	406.88045325626325
0.28329143181858274	401.4749386062192
0.28523105889108374	396.16722863128524
0.2871706859635847	390.8986494242268
0.2891103130360857	385.70622527253994
0.2910499401085867	380.59821040339796
0.29298956718108765	375.53402097687405
0.29492919425358866	370.6024365524283
0.2968688213260896	365.7250431050815
0.2988084483985906	360.9390575137828
0.3007480754710916	356.2643649182141
0.30268770254359256	351.6440395112379
0.30462732961609357	347.1748438358876
0.30656695668859457	342.77644736357837
0.3085065837610955	338.4767447568054
0.3104462108335965	334.31121107253443
0.31238583790609753	330.20586736515037
0.3143254649785985	326.24909606052
0.3162650920510995	322.3622896579468
0.31820471912360043	318.5565568911916
0.32014434619610144	314.86044201819385
0.32208397326860244	311.20899184141103
0.3240236003411034	307.65837780377035
0.3259632274136044	304.1617283138675
0.3279028544861054	300.71718999462934
0.32984248155860635	297.35235805828006
0.33178210863110735	294.0174104206818
0.33372173570360836	290.74658643529926
0.3356613627761093	287.51416267199215
0.3376009898486103	284.31262270127644
0.33954061692111126	281.16396677994464
0.34148024399361226	278.03329710430216
0.34341987106611327	274.9392502844969
0.3453594981386142	271.87339127160703
0.3472991252111152	268.8263438491349
0.3492387522836162	265.82858289257985
0.3511783793561172	262.85037739776897
0.3531180064286182	259.9121408097794
0.3550576335011192	257.0134608597077
0.35699726057362013	254.13652860164956
0.35893688764612114	251.3245978510302
0.3608765147186221	248.53675123880248
0.3628161417911231	245.79440481941705
0.3647557688636241	243.102221846613
0.36669539593612505	240.43547102716414
0.36863502300862605	237.84151536723166
0.37057465008112705	235.27805088749534
0.372514277153628	232.76273172010502
0.374453904226129	230.30714943761822
0.37639353129863	227.87970813315616
0.37833315837113096	225.5250681456057
0.38027278544363197	223.2021142650793
0.3822124125161329	220.92061105222106
0.3841520395886339	218.6913058499021
0.3860916666611349	216.48448706919973
0.3880312937336359	214.33051260827347
0.3899709208061369	212.20290518660505
0.3919105478786379	210.104006790211
0.39385017495113883	208.04622984285996
0.39578980202363984	206.00488575867504
0.39772942909614084	204.00033749879975
0.3996690561686418	202.01668191886253
0.4016086832411428	200.05198762263964
0.40354831031364374	198.11813051209947
0.40548793738614475	196.19564336272995
0.40742756445864575	194.29735080025696
0.4093671915311467	192.41517214370145
0.4113068186036477	190.5451634091864
0.4132464456761487	188.70266891302933
0.41518607274864966	186.87128180923239
0.41712569982115066	185.06369512536077
0.41906532689365167	183.27750256511274
0.4210049539661526	181.50469116602528
0.4229445810386536	179.7674681492862
0.42488420811115457	178.043738331241
0.4268238351836556	176.34678202603553
0.4287634622561566	174.67676720673103
0.43070308932865753	173.0209788341208
0.43264271640115853	171.40728915961577
0.43458234347365954	169.80936293618134
0.4365219705461605	168.23974351112835
0.4384615976186615	166.70227475857703
0.4404012246911625	165.18074532260755
0.44234085176366345	163.70352055562375
0.44428047883616445	162.24568723405747
0.4462201059086654	160.81655936427583
0.4481597329811664	159.42443021035493
0.4500993600536674	158.04530568850447
0.45203898712616836	156.67319996999697
0.45397861419866936	155.3079836754271
0.45591824127117037	153.95123355668287
0.4578578683436713	152.6065005407041
0.4597974954161723	151.26709748929468
0.4617371224886733	149.9410220003074
0.4636767495611743	148.62311111455205
0.4656163766336753	147.31355842085313
0.4675560037061762	146.0192277714627
0.46949563077867723	144.73146934247413
0.47143525785117824	143.4594941966632
0.4733748849236792	142.19908230336705
0.4753145119961802	140.94853551945454
0.4772541390686812	139.71887135877463
0.47919376614118214	138.49791964193696
0.48113339321368315	137.29658961331472
0.48307302028618415	136.11169459799302
0.4850126473586851	134.9384535828066
0.4869522744311861	133.79285731081418
0.48889190150368705	132.65777054683312
0.49083152857618806	131.5444260105496
0.49277115564868906	130.4497142997499
0.49471078272119	129.36591825349794
0.496650409793691	128.30924554591707
0.498590036866192	127.26141827491729
0.5005296639386929	126.23055889095339
0.5024692910111939	125.21507580176781
0.5044089180836949	124.20746003537072
0.5063485451561959	123.21969605867267
0.5082881722286968	122.23884040656141
0.5102277993011979	121.26959495392242
0.5121674263736988	120.3125601877326
0.5141070534461998	119.36132279419617
0.5160466805187008	118.42449296605105
0.5179863075912018	117.49356249158866
0.5199259346637027	116.57082817336246
0.5218655617362038	115.65806415985462
0.5238051888087047	114.74971584526352
0.5257448158812057	113.85198980342639
0.5276844429537068	112.95986943831537
0.5296240700262077	112.07422448876402
0.5315636970987087	111.19868978607674
0.5335033241712097	110.32765723196752
0.5354429512437107	109.46792848095154
0.5373825783162116	108.61559887508614
0.5393222053887127	107.77039304865002
0.5412618324612136	106.9382561476045
0.5432014595337146	106.11150381203879
0.5451410866062155	105.29713182906613
0.5470807136787166	104.49139974095164
0.5490203407512175	103.69259637190237
0.5509599678237185	102.90745818158683
0.5528995948962195	102.12753454589198
0.5548392219687205	101.3587577510729
0.5567788490412214	100.59881812041233
0.5587184761137225	99.84475936351745
0.5606581031862234	99.10460294830604
0.5625977302587244	98.36949534096316
0.5645373573312255	97.64454685416415
0.5664769844037264	96.92858627266706
0.5684166114762274	96.21755299495756
0.5703562385487284	95.51974783471555
0.5722958656212294	94.8262002383996
0.5742354926937303	94.14066901368653
0.5761751197662314	93.46292188385688
0.5781147468387323	92.78906826043418
0.5800543739112333	92.12530006453713
0.5819940009837343	91.4654523247971
0.5839336280562353	90.81177900416948
0.5858732551287362	90.1653858773505
0.5878128822012372	89.52244071725494
0.5897525092737382	88.88858426349273
0.5916921363462392	88.2589595617516
0.5936317634187401	87.63485742346805
0.5955713904912412	87.01815931380584
0.5975110175637421	86.4047123513635
0.5994506446362431	85.79917907069964
0.6013902717087442	85.19783367945408
0.6033298987812451	84.60103779918654
0.605269525853746	84.01157350006633
0.6072091529262471	83.42520782766513
0.6091487799987481	82.8461942700952
0.611088407071249	82.27191507379432
0.6130280341437501	81.7019231636439
0.614967661216251	81.1404714413269
0.616907288288752	80.58238414804042
0.618846915361253	80.03175450712875
0.620786542433754	79.48664965204004
0.6227261695062549	78.94570838147247
0.624665796578756	78.41285435952203
0.6266054236512569	77.88302202600028
0.6285450507237579	77.35951403584994
0.6304846777962588	76.8410953022272
0.6324243048687599	76.3258528475244
0.6343639319412608	75.81842731493511
0.6363035590137618	75.31380314284239
0.6382431860862628	74.8146984830609
0.6401828131587638	74.320865749006
0.6421224402312647	73.82980922062961
0.6440620673037658	73.34639937771105
0.6460016943762668	72.86564519678622
0.6479413214487677	72.38964986939529
0.6498809485212688	71.91855538190387
0.6518205755937697	71.44985372818826
0.6537602026662707	70.98729333920531
0.6556998297387717	70.52730317594147
0.6576394568112727	70.07111039856542
0.6595790838837736	69.6196529064078
0.6615187109562747	69.17424506259793
0.6634583380287756	68.76896248051763
0.6653979651012766	68.36367989843733
0.6673375921737776	67.958397316357
0.6692772192462786	67.55311473427668
0.6712168463187795	67.14783215219637
0.6731564733912805	66.74254957011607
0.6750961004637815	66.33726698803574
0.6770357275362825	65.93198440595543
0.6789753546087834	65.52670182387513
0.6809149816812845	65.1214192417948
0.6828546087537855	64.7161366597145
0.6847942358262864	64.31085407763419
0.6867338628987875	63.90557149555385
0.6886734899712884	63.50028891347355
0.6906131170437894	63.09500633139324
0.6925527441162904	62.68972374931291
0.6944923711887914	62.2844411672326
0.6964319982612923	61.8791585851523
0.6983716253337934	61.473876003071965
0.7003112524062943	61.06859342099166
0.7022508794787953	60.66331083891136
0.7041905065512963	60.258028256831025
0.7061301336237973	59.920828319872534
0.7080697606962982	59.59332726954169
0.7100093877687993	59.26582621921083
0.7119490148413002	58.93832516887999
0.7138886419138012	58.610824118549154
0.7158282689863021	58.28332306821831
0.7177678960588032	57.95582201788745
0.7197075231313041	57.62832096755661
0.7216471502038051	57.30081991722577
0.7235867772763062	56.973318866894914
0.7255264043488071	56.64581781656407
0.7274660314213081	56.31831676623323
0.7294056584938091	55.99081571590237
0.7313452855663101	55.663314665571534
0.733284912638811	55.335813615240696
0.7352245397113121	55.00831256490983
0.737164166783813	54.68081151457899
0.739103793856314	54.35331046424815
0.741043420928815	54.025809413917294
0.742983048001316	53.698308363586456
0.7449226750738169	53.37080731325561
0.746862302146318	53.04330626292475
0.7488019292188189	52.715805212593914
0.7507415562913199	52.388304162263076
0.752681183363821	52.060803111932216
0.7546208104363219	51.73330206160137
0.7565604375088228	51.40580101127053
0.7585000645813238	51.08013417133625
0.7604396916538249	50.82684928064352
0.7623793187263258	50.57356438995082
0.7643189457988268	50.32027949925811
0.7662585728713278	50.06699460856539
0.7681981999438288	49.81370971787268
0.7701378270163297	49.56042482717997
0.7720774540888308	49.30713993648725
0.7740170811613317	49.05385504579455
0.7759567082338327	48.80057015510184
0.7778963353063337	48.54728526440912
0.7798359623788347	48.294000373716415
0.7817755894513356	48.0407154830237
0.7837152165238367	47.787430592330985
0.7856548435963376	47.53414570163828
0.7875944706688386	47.28086081094557
0.7895340977413396	47.02757592025285
0.7914737248138406	46.77429102956014
0.7934133518863415	46.521006138867435
0.7953529789588426	46.267721248174716
0.7972926060313436	46.014436357482005
0.7992322331038445	45.7611514667893
0.8011718601763455	45.507866576096596
0.8031114872488465	45.25458168540387
0.8050511143213475	45.001296794711166
0.8069907413938484	44.748011904018455
0.8089303684663495	44.494727013325736
0.8108699955388504	44.24144212263303
0.8128096226113514	43.98815723194032
0.8147492496838524	43.7348723412476
0.8166888767563534	43.4815874505549
0.8186285038288543	43.228302559862186
0.8205681309013554	42.97501766916947
0.8225077579738563	42.72173277847676
0.8244473850463573	42.46844788778405
0.8263870121188583	42.21516299709133
0.8283266391913593	41.96187810639863
0.8302662662638602	41.70859321570592
0.8322058933363613	41.51049399124761
0.8341455204088623	41.328620222687206
0.8360851474813632	41.14674645412681
0.8380247745538643	40.964872685566405
0.8399644016263652	40.782998917006005
0.8419040286988662	40.601125148445604
0.8438436557713671	40.41925137988521
0.8457832828438682	40.2373776113248
0.8477229099163691	40.0555038427644
0.8496625369888701	39.87363007420401
0.8516021640613711	39.691756305643594
0.8535417911338721	39.5098825370832
0.855481418206373	39.3280087685228
0.8574210452788741	39.14613499996239
0.859360672351375	38.964261231402
0.861300299423876	38.7823874628416
0.863239926496377	38.60051369428119
0.865179553568878	38.41863992572079
0.8671191806413789	38.236766157160396
0.86905880771388	38.05489238859999
0.870998434786381	37.87301862003959
0.8729380618588819	37.69114485147919
0.874877688931383	37.50927108291878
0.8768173160038839	37.327397314358386
0.8787569430763849	37.145523545797985
0.8806965701488859	36.96364977723758
0.8826361972213869	36.78177600867718
0.8845758242938878	36.59990224011678
0.8865154513663888	36.41802847155638
0.8884550784388898	36.236154702995975
0.8903947055113908	36.05428093443558
0.8923343325838917	35.87240716587518
0.8942739596563928	35.69053339731477
0.8962135867288937	35.50865962875437
0.8981532138013947	35.32678586019398
0.9000928408738957	35.14491209163357
0.9020324679463967	34.96303832307317
0.9039720950188976	34.78116455451277
0.9059117220913987	34.59929078595236
0.9078513491638996	34.41741701739197
0.9097909762364006	34.23554324883157
0.9117306033089017	34.05366948027116
0.9136702303814026	33.87179571171076
0.9156098574539036	33.68992194315037
0.9175494845264046	33.50804817458996
0.9194891115989056	33.32617440602956
0.9214287386714065	33.14430063746916
0.9233683657439076	32.96242686890875
0.9253079928164085	32.78055310034836
0.9272476198889095	32.598679331787956
0.9291872469614104	32.416805563227555
0.9311268740339115	32.23493179466715
0.9330665011064124	32.053058026106754
0.9350061281789134	31.871184257546354
0.9369457552514144	31.70743197948785
0.9388853823239154	31.591898209086725
0.9408250093964163	31.476364438685604
0.9427646364689174	31.360830668284475
0.9447042635414183	31.245296897883353
0.9466438906139193	31.12976312748223
0.9485835176864204	31.0142293570811
0.9505231447589213	30.898695586679978
0.9524627718314223	30.783161816278856
0.9544023989039233	30.667628045877727
0.9563420259764243	30.552094275476605
0.9582816530489252	30.43656050507548
0.9602212801214263	30.32102673467435
0.9621609071939272	30.20549296427323
0.9641005342664282	30.089959193872108
0.9660401613389292	29.974425423470976
0.9679797884114302	29.858891653069854
0.9699194154839311	29.743357882668732
0.9718590425564321	29.62782411226761
0.9737986696289331	29.512290341866482
0.9757382967014341	29.396756571465357
0.977677923773935	29.281222801064235
0.9796175508464361	29.165689030663106
0.981557177918937	29.050155260261985
0.983496804991438	28.93462148986086
0.985436432063939	28.81908771945973
0.98737605913644	28.70355394905861
0.989315686208941	28.588020178657487
0.991255313281442	28.47248640825636
0.993194940353943	28.356952637855233
0.9951345674264439	28.24141886745411
0.997074194498945	28.125885097052983
0.9990138215714459	28.01035132665186
1.0009534486439469	27.894817556250736
1.0028930757164478	27.779283785849614
1.0048327027889488	27.663750015448493
1.00677232986145	27.548216245047357
1.0087119569339509	27.432682474646235
1.0106515840064518	27.317148704245113
1.0125912110789528	27.201614933843988
1.0145308381514537	27.086081163442866
1.0164704652239547	26.970547393041745
1.0184100922964558	26.85501362264061
1.0203497193689568	26.739479852239484
1.0222893464414577	26.623946081838362
1.0242289735139587	26.50841231143724
1.0261686005864596	26.39287854103612
1.0281082276589606	26.277344770634993
1.0300478547314618	26.16181100023386
1.0319874818039627	26.046277229832736
1.0339271088764637	25.930743459431614
1.0358667359489646	25.81520968903049
1.0378063630214656	25.699675918629367
1.0397459900939665	25.584142148228246
1.0416856171664675	25.468608377827124
1.0436252442389686	25.353074607425988
1.0455648713114696	25.237540837024866
1.0475044983839705	25.12200706662374
1.0494441254564715	25.00647329622262
1.0513837525289724	24.890939525821498
1.0533233796014734	24.775405755420373
1.0552630066739745	24.659871985019237
1.0572026337464755	24.544338214618115
1.0591422608189764	24.428804444216993
1.0610818878914774	24.31327067381587
1.0630215149639783	24.19773690341475
1.0649611420364793	24.082203133013625
1.0669007691089805	23.96666936261249
1.0688403961814814	23.851135592211367
1.0707800232539824	23.735601821810242
1.0727196503264833	23.62006805140912
1.0746592773989843	23.504534281008
1.0765989044714852	23.389000510606877
1.0785385315439864	23.27346674020574
1.0804781586164873	23.15793296980462
1.0824177856889883	23.042399199403498
1.0843574127614892	22.926865429002373
1.0862970398339902	22.81133165860125
1.0882366669064911	22.695797888200126
1.090176293978992	22.580264117799004
1.0921159210514932	22.464730347397868
1.0940555481239942	22.349196576996746
1.0959951751964951	22.233662806595625
1.097934802268996	22.118129036194503
1.099874429341497	22.00259526579338
1.101814056413998	21.887061495392256
1.1037536834864992	21.77152772499112
1.105693310559	21.65599395459
