1.041986196432e-05	22.068458577510004
0.0018137718556786647	3126.502360281769
0.0036171238493930094	5583.060517901607
0.005420475843107353	7483.853850751785
0.007223827836821698	8926.704730457068
0.009027179830536044	9992.20085347602
0.010830531824250388	10744.700206652255
0.012633883817964733	11236.182851255231
0.014437235811679078	11510.534477646426
0.016240587805393423	11605.088986727513
0.018043939799107768	11552.05876241989
0.019847291792822113	11380.05540142477
0.021650643786536455	11114.998271372167
0.0234539957802508	10780.084438182714
0.025257347773965145	10395.74920801279
0.02706069976767949	9979.773020266035
0.028864051761393835	9548.481585776692
0.03066740375510818	9112.27113221147
0.03247075574882252	8684.203691575793
0.03427410774253686	8271.741852036565
0.03607745973625121	7881.060540814618
0.037880811729965554	7516.4866688071625
0.0396841637236799	7183.377653409304
0.041487515717394244	6891.107503133481
0.043290867711108585	6634.510273426556
0.045094219704822934	6407.602880438816
0.046897571698537276	6205.097489002301
0.048700923692251624	6022.316236837345
0.050504275685965966	5855.117822777338
0.052307627679680314	5700.041023120675
0.054110979673394656	5553.748075063923
0.055914331667109005	5413.563869321803
0.057717683660823346	5276.957678899674
0.05952103565453769	5141.813760134149
0.061324387648252036	5006.7028074805
0.06312773964196638	4871.755996796414
0.06493109163568073	4737.593859654644
0.06673444362939507	4604.718643487755
0.06853779562310941	4473.5629045758915
0.07034114761682377	4344.389795969493
0.07214449961053811	4217.780637112888
0.07394785160425245	4094.448261819995
0.07575120359796679	3973.725476458847
0.07755455559168113	3855.5749505986564
0.07935790758539549	3742.420265307316
0.08116125957910983	3631.6509148649398
0.08296461157282417	3524.840824174753
0.08476796356653851	3422.4432214856474
0.08657131556025285	3322.09648359747
0.08837466755396721	3228.456184198656
0.09017801954768155	3136.67850477802
0.09198137154139589	3049.964151512347
0.09378472353511023	2966.481342469998
0.09558807552882459	2886.0765760600807
0.09739142752253893	2810.0262516358252
0.09919477951625327	2735.389530301669
0.10099813150996761	2665.9715530901494
0.10280148350368196	2597.6699517152992
0.10460483549739631	2533.1177544141574
0.10640818749111065	2470.5447857944837
0.108211539484825	2410.395803838228
0.11001489147853934	2352.9716719789712
0.11181824347225369	2296.8536213643133
0.11362159546596803	2244.0661485743963
0.11542494745968238	2192.07100524914
0.11722829945339672	2143.038716092721
0.11903165144711106	2095.097661904744
0.12083500344082541	2049.176850773843
0.12263835543453976	2004.8697723403789
0.1244417074282541	1961.7558488093935
0.12624505942196845	1920.6424873109931
0.1280484114156828	1880.083710105993
0.12985176340939714	1841.706826042968
0.13165511540311148	1803.8215243900213
0.13345846739682582	1767.4359590716183
0.13526181939054016	1731.8860106307302
0.1370651713842545	1697.2755597497182
0.13886852337796884	1663.763696594101
0.1406718753716832	1630.7348736853203
0.14247522736539756	1598.9994893303417
0.1442785793591119	1567.5572193653413
0.14608193135282624	1537.1896492599024
0.14788528334654058	1507.229797016558
0.14968863534025492	1477.9759832986183
0.15149198733396926	1449.3302839930568
0.1532953393276836	1421.1073712735313
0.15509869132139795	1393.7345000694074
0.15690204331511232	1366.5961871732545
0.15870539530882666	1340.4828382739431
0.160508747302541	1314.6515055902485
0.16231209929625534	1289.6174598370287
0.16411545128996968	1265.111518256154
0.16591880328368402	1241.1661439343206
0.16772215527739837	1217.996054647917
0.1695255072711127	1195.1443511066213
0.17132885926482705	1173.3138225375428
0.1731322112585414	1151.7279968917485
0.17493556325225576	1131.0640280042085
0.1767389152459701	1110.8137624139183
0.17854226723968444	1091.2377800543877
0.18034561923339879	1072.3145799385763
0.18214897122711313	1053.8193093087327
0.18395232322082747	1036.19676892768
0.1857556752145418	1018.8047737004388
0.18755902720825615	1002.313804804219
0.1893623792019705	986.052126552363
0.19116573119568486	970.393828206414
0.1929690831893992	955.0979113301121
0.19477243518311355	940.1656196346671
0.1965757871768279	925.6880896712512
0.19837913917054223	911.3848624889916
0.20018249116425657	897.5937527109817
0.2019858431579709	883.9100432253896
0.20378919515168525	870.60865117827
0.2055925471453996	857.4602646295998
0.20739589913911397	844.5469844331274
0.2091992511328283	831.832699571397
0.21100260312654265	819.2414190288272
0.212805955120257	806.8728054951155
0.21460930711397133	794.5629905539736
0.21641265910768567	782.4947643220813
0.21821601110140001	770.511085391648
0.22001936309511436	758.7351114582946
0.2218227150888287	747.1250707209626
0.22362606708254307	735.6725161600149
0.2254294190762574	724.4785430774216
0.22723277106997175	713.3769304884304
0.2290361230636861	702.6356853378107
0.23083947505740043	691.9822944570002
0.23264282705111478	681.6521997857653
0.23444617904482912	671.4914023311078
0.23624953103854346	661.5761482000927
0.2380528830322578	651.9331240400818
0.23985623502597217	642.4487087842009
0.2416595870196865	633.3446886050581
0.24346293901340085	624.3410484508696
0.2452662910071152	615.7571564024524
0.24706964300082954	607.3074683302682
0.24887299499454388	599.1663033526592
0.25067634698825825	591.2328094062274
0.2524796989819726	583.4857928617422
0.25428305097568693	575.9985428463245
0.25608640296940127	568.5975865239981
0.2578897549631156	561.4905486695658
0.25969310695682996	554.4428758074903
0.2614964589505443	547.6041823056632
0.26329981094425864	540.8594625770263
0.265103162937973	534.2435093485507
0.2669065149316873	527.7487895099662
0.26870986692540166	521.3206057871316
0.270513218919116	515.0276080900869
0.27231657091283035	508.76662806873094
0.2741199229065447	502.61965136017216
0.27592327490025903	496.50388139382994
0.27772662689397337	490.45537934380445
0.2795299788876877	484.45459677738006
0.2813333308814021	478.49435781526773
0.28313668287511645	472.61235279602244
0.2849400348688308	466.7544608000004
0.28674338686254514	461.01243505944717
0.2885467388562595	455.2995180955536
0.2903500908499738	449.6896968017662
0.29215344284368816	444.1422260157616
0.2939567948374025	438.6755278687288
0.29576014683111684	433.31055645000157
0.2975634988248312	427.9981324993262
0.2993668508185455	422.8308549774104
0.30117020281225987	417.70132210058944
0.3029735548059742	412.72669213823724
0.30477690679968855	407.8121067508948
0.3065802587934029	403.01908513671833
0.30838361078711723	398.33079722023626
0.3101869627808316	393.72669882529385
0.3119903147745459	389.2705283742527
0.3137936667682603	384.8568645725507
0.31559701876197466	380.61716597169186
0.317400370755689	376.4127051461319
0.31920372274940334	372.3291992432884
0.3210070747431177	368.3082688425578
0.322810426736832	364.36402138025204
0.32461377873054637	360.5028426044492
0.3264171307242607	356.682008866935
0.32822048271797505	352.95856272201763
0.3300238347116894	349.25774102433996
0.33182718670540373	345.6402227144227
0.3336305386991181	342.0508552015796
0.3354338906928324	338.5150948834001
0.33723724268654676	335.01889085726503
0.3390405946802611	331.5527644886426
0.34084394667397544	328.13280109300956
0.3426472986676898	324.7257644675214
0.3444506506614041	321.3686741858742
0.34625400265511846	318.02455513568736
0.34805735464883286	314.72167333384505
0.3498607066425472	311.446431125097
0.35166405863626155	308.20324286440393
0.3534674106299759	305.00451880908855
0.35527076262369023	301.82607494967874
0.35707411461740457	298.710809841809
0.3588774666111189	295.6116420976537
0.36068081860483325	292.57623904654946
0.3624841705985476	289.5686009528154
0.36428752259226194	286.61075691739916
0.3660908745859763	283.7001092741765
0.3678942265796906	280.82339712923573
0.36969757857340496	278.0146596153124
0.3715009305671193	275.22489051084113
0.37330428256083364	272.5199293458465
0.375107634554548	269.8374502044593
0.37691098654826233	267.22137149733607
0.37871433854197667	264.64517782723783
0.38051769053569107	262.11277176309557
0.3823210425294054	259.633909762494
0.38412439452311975	257.17794959021666
0.3859277465168341	254.7863245751818
0.38773109851054843	252.40932062478953
0.3895344505042628	250.08613688477132
0.3913378024979771	247.78416014003298
0.39314115449169146	245.51804100185603
0.3949445064854058	243.2824676139367
0.39674785847912014	241.06765406927116
0.3985512104728345	238.89040990774743
0.4003545624665488	236.7232076773129
0.40215791446026317	234.59499022690096
0.4039612664539775	232.47633763938956
0.40576461844769185	230.38400007647732
0.4075679704414062	228.30714959704605
0.40937132243512053	226.24639790582373
0.4111746744288349	224.2081285301573
0.41297802642254927	222.178862322997
0.4147813784162636	220.18171672045804
0.41658473040997795	218.1926609633127
0.4183880824036923	216.23453840484584
0.42019143439740664	214.29157507020108
0.421994786391121	212.3728003381007
0.4237981383848353	210.47937719179924
0.42560149037854966	208.60223081954751
0.427404842372264	206.76151116780744
0.42920819436597835	204.93068912548821
0.4310115463596927	203.14298880563413
0.43281489835340703	201.36860211104715
0.43461825034712137	199.62841570332154
0.4364216023408357	197.91301604291004
0.43822495433455005	196.22201553511192
0.4400283063282644	194.5679272185705
0.44183165832197874	192.92765289626462
0.4436350103156931	191.33698706399466
0.4454383623094075	189.75821462841373
0.4472417143031218	188.2235227599321
0.44904506629683616	186.70306514548494
0.4508484182905505	185.20405883020453
0.45265177028426484	183.70957144943372
0.4544551222779792	182.2178231297294
0.4562584742716935	180.7402813030265
0.45806182626540787	179.26648873050976
0.4598651782591222	177.80822224016742
0.46166853025283655	176.3551361874439
0.4634718822465509	174.91450115479077
0.46527523424026523	173.48351878798871
0.4670785862339796	172.06153437374715
0.4688819382276939	170.6549202202914
0.47068529022140826	169.25367039242497
0.4724886422151226	167.87404494418328
0.47429199420883694	166.4998142786638
0.4760953462025513	165.14540101119954
0.4778986981962656	163.80210499188811
0.47970205018998	162.47464343945992
0.48150540218369436	161.1659382314137
0.4833087541774087	159.86795753255473
0.48511210617112305	158.59728636239362
0.4869154581648374	157.333813156037
0.48871881015855173	156.10045611763726
0.4905221621522661	154.8771960286519
0.4923255141459804	153.6766829887502
0.49412886613969476	152.49284798211062
0.4959322181334091	151.32373452253714
0.49773557012712344	150.17647861834303
0.4995389221208378	149.03631986727967
0.5013422741145522	147.92178104763778
0.5031456261082665	146.81255419263857
0.5049489781019809	145.72206001199567
0.5067523300956952	144.64057398404128
0.5085556820894096	143.57122140578053
0.5103590340831239	142.51444211377566
0.5121623860768383	141.4644384314315
0.5139657380705526	140.42989343192926
0.515769090064267	139.39915297868197
0.5175724420579813	138.38295177686143
0.5193757940516956	137.3714860978629
0.5211791460454099	136.3700365201262
0.5229824980391243	135.37603534906654
0.5247858500328386	134.38825885818
0.526589202026553	133.41045605487605
0.5283925540202674	132.43565799458293
0.5301959060139817	131.47413238427373
0.5319992580076961	130.5157632987263
0.5338026100014104	129.56847672397882
0.5356059619951248	128.62794799593027
0.5374093139888391	127.6960314008048
0.5392126659825535	126.77489062881246
0.5410160179762677	125.8592171076683
0.5428193699699821	124.95863368660638
0.5446227219636964	124.06185785706091
0.5464260739574108	123.18022158738677
0.5482294259511251	122.30421719288418
0.5500327779448395	121.43941228853409
0.5518361299385538	120.58376100134608
0.5536394819322682	119.73535050711779
0.5554428339259825	118.89960144720102
0.5572461859196969	118.06747342138894
0.5590495379134112	117.25125199380133
0.5608528899071256	116.43868717441586
0.56265624190084	115.63839642491905
0.5644595938945542	114.8451784089611
0.5662629458882686	114.06049166559093
0.5680662978819829	113.28587945845057
0.5698696498756973	112.5160739637056
0.5716730018694116	111.75883434985228
0.573476353863126	111.0045666086583
0.5752797058568403	110.26146265423377
0.5770830578505547	109.5224955803081
0.578886409844269	108.79127275441454
0.5806897618379834	108.06645075136899
0.5824931138316977	107.34641973376817
0.5842964658254121	106.63507629860183
0.5860998178191263	105.92617416606565
0.5879031698128407	105.22789937113615
0.589706521806555	104.53224188462335
0.5915098738002694	103.84473287949388
0.5933132257939837	103.16213193426691
0.5951165777876981	102.48513619661392
0.5969199297814125	101.8151490546668
0.5987232817751268	101.14830224088637
0.6005266337688412	100.49038285475845
0.6023299857625555	99.83461660789477
0.6041333377562699	99.18707061052591
0.6059366897499842	98.54303445883947
0.6077400417436986	97.90519039780409
0.6095433937374128	97.27301228648828
0.6113467457311272	96.64484536826549
0.6131500977248415	96.02523053763343
0.6149534497185559	95.40797724341091
0.6167568017122702	94.80085898017238
0.6185601537059846	94.19649205864292
0.6203635056996989	93.60009233943693
0.6221668576934133	93.00842954384726
0.6239702096871276	92.42188978122707
0.625773561680842	91.84212682387003
0.6275769136745564	91.2652111443489
0.6293802656682707	90.6968533534703
0.631183617661985	90.13051417567678
0.6329869696556993	89.57174868664355
0.6347903216494137	89.01628888390151
0.636593673643128	88.46633053335772
0.6383970256368424	87.92162196849598
0.6402003776305567	87.38042681564372
0.6420037296242711	86.84632034199392
0.6438070816179854	86.31412698291962
0.6456104336116998	85.78985325834684
0.6474137856054141	85.26768340447322
0.6492171375991285	84.75119422996612
0.6510204895928428	84.23833713367557
0.6528238415865572	83.72920045747432
0.6546271935802714	83.22508130292147
0.6564305455739858	82.72293552129787
0.6582338975677001	82.22727240240944
0.6600372495614145	81.73316716674371
0.6618406015551289	81.24489786806252
0.6636439535488432	80.75939092673005
0.6654473055425576	80.27822440706099
0.6672506575362719	79.80144669312426
0.6690540095299863	79.3274439092699
0.6708573615237006	78.85933789359335
0.672660713517415	78.39279589099587
0.6744640655111293	77.93267140389366
0.6762674175048436	77.47439802156379
0.6780707694985579	77.02079538168408
0.6798741214922723	76.570421289513
0.6816774734859866	76.12317955469443
0.683480825479701	75.68054513317138
0.6852841774734153	75.23960364689566
0.6870875294671297	74.80483610965528
0.688890881460844	74.37151337776126
0.6906942334545584	73.94349270256583
0.6924975854482727	73.51810173498876
0.6943009374419871	73.09661482781114
0.6961042894357015	72.67908766705663
0.6979076414294157	72.26392412214662
0.6997109934231301	71.85389722992464
0.7015143454168444	71.44520051865764
0.7033176974105588	71.04182625366956
0.7051210494042731	70.64007092625337
0.7069244013979875	70.24214034623917
0.7087277533917018	69.84702697393591
0.7105311053854162	69.4545023871884
0.7123344573791305	69.06597992262363
0.7141378093728449	68.67882834974351
0.7159411613665592	68.29693685029262
0.7177445133602736	67.91625916166637
0.7195478653539878	67.53996275043626
0.7213512173477022	67.16584298480026
0.7231545693414165	66.79477834165229
0.7249579213351309	66.42692030881732
0.7267612733288453	66.0608677704142
0.7285646253225596	65.69894674563962
0.730367977316274	65.33807981058553
0.7321713293099883	64.98140886969291
0.7339746813037027	64.62617122785788
0.735778033297417	64.27410954792225
0.7375813852911314	63.92455202919013
0.7393847372848457	63.577173739724024
0.7411880892785601	63.233395224439114
0.7429914412722743	62.890763354372595
0.7447947932659887	62.552837752520915
0.746598145259703	62.21595862952081
0.7484014972534174	61.88278609272731
0.7502048492471317	61.55157377113895
0.7520082012408461	61.22296405544126
0.7538115532345604	60.923133258105615
0.7556149052282748	60.63857279860295
0.7574182572219891	60.3540123391003
0.7592216092157035	60.069451879597636
0.7610249612094179	59.78489142009497
0.7628283132031322	59.50033096059233
0.7646316651968466	59.215770501089665
0.7664350171905608	58.931210041587015
0.7682383691842752	58.64664958208435
0.7700417211779895	58.36208912258171
0.7718450731717039	58.07752866307904
0.7736484251654182	57.79296820357639
0.7754517771591326	57.50840774407373
0.7772551291528469	57.22384728457108
0.7790584811465613	56.939286825068415
0.7808618331402756	56.65472636556577
0.78266518513399	56.37016590606311
0.7844685371277043	56.08560544656046
0.7862718891214187	55.80104498705779
0.7880752411151329	55.51648452755515
0.7898785931088473	55.231924068052486
0.7916819451025617	54.94736360854982
0.793485297096276	54.66280314904717
0.7952886490899904	54.37824268954451
0.7970920010837047	54.093682230041864
0.7988953530774191	53.80912177053919
0.8006987050711334	53.52456131103655
0.8025020570648478	53.240000851533885
0.8043054090585621	52.955440392031235
0.8061087610522765	52.67087993252857
0.8079121130459908	52.38631947302593
0.8097154650397052	52.101759013523264
0.8115188170334194	51.817198554020614
0.8133221690271338	51.53263809451795
0.8151255210208481	51.248077635015306
0.8169288730145625	50.963517175512635
0.8187322250082768	50.67895671600999
0.8205355770019912	50.39439625650733
0.8223389289957055	50.10983579700468
0.8241422809894199	49.889799704882186
0.8259456329831343	49.68364698053031
0.8277489849768486	49.47749425617845
0.829552336970563	49.27134153182658
0.8313556889642773	49.06518880747472
0.8331590409579916	48.859036083122845
0.8349623929517059	48.65288335877098
0.8367657449454203	48.446730634419104
0.8385690969391346	48.240577910067245
0.840372448932849	48.03442518571537
0.8421758009265633	47.82827246136351
0.8439791529202777	47.62211973701164
0.845782504913992	47.41596701265977
0.8475858569077064	47.209814288307896
0.8493892089014207	47.00366156395604
0.8511925608951351	46.79750883960416
0.8529959128888494	46.5913561152523
0.8547992648825637	46.38520339090043
0.856602616876278	46.17905066654856
0.8584059688699924	45.97289794219669
0.8602093208637068	45.766745217844814
0.8620126728574211	45.560592493492955
0.8638160248511355	45.35443976914108
0.8656193768448498	45.14828704478922
0.8674227288385642	44.94213432043735
0.8692260808322785	44.73598159608548
0.8710294328259929	44.529828871733606
0.8728327848197072	44.32367614738175
0.8746361368134216	44.11752342302987
0.8764394888071358	43.91137069867801
0.8782428408008502	43.70521797432614
0.8800461927945645	43.49906524997428
0.8818495447882789	43.2929125256224
0.8836528967819932	43.08675980127054
0.8854562487757076	42.880607076918665
0.8872596007694219	42.674454352566805
0.8890629527631363	42.46830162821493
0.8908663047568507	42.26214890386306
0.892669656750565	42.0559961795112
0.8944730087442794	41.849843455159316
0.8962763607379937	41.64369073080746
0.8980797127317081	41.43753800645558
0.8998830647254223	41.23138528210372
0.9016864167191367	41.02523255775185
0.903489768712851	40.81907983339998
0.9052931207065654	40.61292710904811
0.9070964727002797	40.40677438469625
0.9088998246939941	40.200621660344375
0.9107031766877084	39.994468935992515
0.9125065286814228	39.78831621164064
0.9143098806751371	39.58216348728878
0.9161132326688515	39.3760107629369
0.9179165846625658	39.16985803858504
0.9197199366562802	38.96370531423317
0.9215232886499944	38.75755258988131
0.9233266406437088	38.55139986552943
0.9251299926374232	38.38552684924322
0.9269333446311375	38.252731985336105
0.9287366966248519	38.11993712142899
0.9305400486185662	37.987142257521874
0.9323434006122806	37.85434739361476
0.9341467526059949	37.72155252970765
0.9359501045997093	37.58875766580053
0.9377534565934236	37.45596280189342
0.939556808587138	37.3231679379863
0.9413601605808523	37.19037307407919
0.9431635125745667	37.057578210172075
0.9449668645682809	36.92478334626496
0.9467702165619953	36.791988482357844
0.9485735685557096	36.65919361845073
0.950376920549424	36.526398754543614
0.9521802725431383	36.393603890636506
0.9539836245368527	36.26080902672938
0.955786976530567	36.128014162822275
0.9575903285242814	35.99521929891515
0.9593936805179958	35.86242443500804
0.9611970325117101	35.72962957110093
0.9630003845054245	35.59683470719381
0.9648037364991388	35.4640398432867
0.9666070884928532	35.331244979379576
0.9684104404865674	35.19845011547247
0.9702137924802818	35.06565525156535
0.9720171444739961	34.93286038765824
0.9738204964677105	34.80006552375112
0.9756238484614248	34.66727065984401
0.9774272004551392	34.53447579593689
0.9792305524488535	34.401680932029784
0.9810339044425679	34.26888606812266
0.9828372564362822	34.13609120421555
0.9846406084299966	34.00329634030843
0.9864439604237109	33.87050147640132
0.9882473124174252	33.73770661249421
0.9900506644111396	33.604911748587085
0.9918540164048539	33.47211688467998
0.9936573683985683	33.339322020772855
0.9954607203922826	33.20652715686575
0.997264072385997	33.073732292958624
0.9990674243797113	32.940937429051516
1.0008707763734257	32.8081425651444
1.00267412836714	32.67534770123728
1.0044774803608543	32.54255283733018
1.0062808323545687	32.40975797342306
1.008084184348283	32.27696310951594
1.0098875363419975	32.144168245608824
1.0116908883357116	32.011373381701716
1.013494240329426	31.8785785177946
1.0152975923231404	31.745783653887482
1.0171009443168548	31.612988789980363
1.018904296310569	31.480193926073262
1.0207076483042834	31.347399062166144
1.0225110002979978	31.214604198259025
1.0243143522917122	31.081809334351906
1.0261177042854266	30.949014470444787
1.0279210562791408	30.816219606537686
1.0297244082728552	30.683424742630567
1.0315277602665696	30.55062987872345
1.033331112260284	30.41783501481633
1.0351344642539981	30.285040150909225
1.0369378162477125	30.15224528700211
1.038741168241427	30.019450423094987
1.0405445202351413	29.886655559187872
1.0423478722288555	29.75386069528077
1.04415122422257	29.62106583137365
1.0459545762162843	29.488270967466534
1.0477579282099987	29.35547610355941
1.0495612802037129	29.22268123965231
1.0513646321974273	29.089886375745195
1.0531679841911417	28.957091511838073
1.054971336184856	28.824296647930957
1.0567746881785705	28.691501784023835
1.0585780401722846	28.558706920116734
1.060381392165999	28.42591205620962
1.0621847441597134	28.293117192302496
1.0639880961534278	28.16032232839538
1.065791448147142	28.027527464488276
1.0675948001408564	27.894732600581158
1.0693981521345708	27.76193773667404
1.0712015041282852	27.62914287276692
1.0730048561219994	27.49634800885982
1.0748082081157138	27.3635531449527
1.0766115601094282	27.23075828104558
1.0784149121031426	27.097963417138462
1.0802182640968567	26.965168553231358
1.0820216160905711	26.832373689324243
1.0838249680842855	26.699578825417124
1.085628320078	26.566783961510005
