0.0001294781896566	3178.215084686
0.002110395152868306	2876.8453644544134
0.004091312116080012	4858.671508853803
0.0060722290792917175	6361.029197130837
0.008053146042503423	7463.594083495351
0.010034063005715129	8239.554683934504
0.012014979968926835	8747.456345068094
0.01399589693213854	9036.068304433002
0.015976813895350245	9145.711383520398
0.01795773085856195	9111.031904002977
0.019938647821773656	8962.070207412615
0.021919564784985364	8725.73809600129
0.023900481748197068	8426.070555724898
0.025881398711408772	8083.8077309789605
0.02786231567462048	7716.7428758999
0.029843232637832187	7340.046609962322
0.03182414960104389	6965.937104126394
0.033805066564255595	6604.006285362182
0.0357859835274673	6261.434005771694
0.03776690049067901	5943.090122508063
0.039747817453890714	5651.995537089457
0.04172873441710242	5389.453863544191
0.04370965138031413	5155.473642922779
0.045690568343525834	4948.839103969355
0.04767148530673754	4767.734779510681
0.04965240226994924	4609.466047195236
0.051633319233160946	4471.054676790983
0.05361423619637266	4349.354697799053
0.05559515315958436	4240.895185673662
0.057576070122796065	4142.183616351924
0.059556987086007776	4050.3528011220333
0.06153790404921948	3962.3713485468097
0.06351882101243118	3875.4747094478694
0.06549973797564289	3787.529782903486
0.06748065493885459	3696.9365156171843
0.0694615719020663	3602.5685875974964
0.071442488865278	3503.9119087192626
0.07342340582848972	3401.033518845717
0.07540432279170142	3293.15624678429
0.07738523975491313	3181.6946727294685
0.07936615671812483	3068.2098050892932
0.08134707368133653	2953.0588605722605
0.08332799064454824	2838.0892734102918
0.08530890760775994	2724.454652783257
0.08728982457097166	2612.9848040709817
0.08927074153418336	2506.9884463056087
0.09125165849739507	2404.4384253167937
0.09323257546060677	2308.9214213740806
0.09521349242381848	2220.6098603564856
0.09719440938703018	2136.7461057947194
0.09917532635024189	2064.23142121172
0.10115624331345359	1996.9177710168797
0.1031371602766653	1936.2340616014353
0.10511807723987701	1884.60471779611
0.10709899420308872	1836.8752414572002
0.10907991116630042	1796.5458277804557
0.11106082812951212	1760.6933933095083
0.11304174509272383	1727.8313924438935
0.11502266205593553	1700.1681765675592
0.11700357901914724	1673.7152237391713
0.11898449598235895	1649.1972730663397
0.12096541294557066	1625.4219109701746
0.12294632990878236	1601.7908714409493
0.12492724687199407	1577.5037343142592
0.12690816383520578	1552.163555731218
0.1288890807984175	1525.8416480015153
0.1308699977616292	1497.033082430504
0.1328509147248409	1467.1231948157213
0.1348318316880526	1435.1252930545165
0.1368127486512643	1401.428481588503
0.138793665614476	1366.7941050307736
0.1407745825776877	1330.4719982538165
0.14275549954089942	1293.8275747010366
0.14473641650411115	1256.7606478074033
0.14671733346732285	1220.0089262962613
0.14869825043053456	1183.6205456439513
0.15067916739374626	1148.41013400451
0.15266008435695796	1114.592766103565
0.15464100132016967	1081.777141522369
0.15662191828338137	1051.9282859990574
0.15860283524659308	1023.3974725043846
0.16058375220980478	997.1361171362443
0.16256466917301649	973.499807023559
0.1645455861362282	951.2230924481161
0.1665265030994399	932.0034747572529
0.1685074200626516	914.3130690932917
0.1704883370258633	898.1732465250825
0.172469253989075	884.2725716320664
0.17445017095228674	871.179393390862
0.17643108791549844	859.4932955207322
0.17841200487871015	848.5994016299013
0.18039292184192185	838.158875115036
0.18237383880513355	828.3387859127488
0.18435475576834526	818.5378037413018
0.18633567273155696	808.764170582414
0.18831658969476867	798.5824094200266
0.19029750665798037	788.1455079644109
0.19227842362119207	777.0147739367422
0.19425934058440378	765.3282595899847
0.19624025754761548	753.205282354764
0.19822117451082719	740.1711042983972
0.2002020914740389	726.8264782337843
0.2021830084372506	712.9537504789106
0.2041639254004623	698.7322006413028
0.206144842363674	684.3543288645571
0.20812575932688573	669.8468560418241
0.21010667629009744	655.4426821641031
0.21208759325330914	641.1527665637677
0.21406851021652085	627.3274340175595
0.21604942717973255	613.7731938161943
0.21803034414294425	600.8311454034791
0.22001126110615596	588.5109898104403
0.22199217806936766	576.573445165477
0.22397309503257937	565.7383118812736
0.22595401199579107	555.3492859179645
0.22793492895900277	545.6595833581883
0.22991584592221448	536.8266860551633
0.23189676288542618	528.4025998472566
0.2338776798486379	520.8286902423781
0.2358585968118496	513.7125117703857
0.23783951377506132	506.9890145014139
0.23982043073827303	500.8686722912625
0.24180134770148473	494.9339558028504
0.24378226466469644	489.3059164899963
0.24576318162790814	483.83662934920756
0.24774409859111984	478.4428257186467
0.24972501555433155	473.0910584196088
0.2517059325175432	467.693037130337
0.25368684948075493	462.2391322852675
0.25566776644396666	456.61816638964603
0.25764868340717834	450.9095770799311
0.25962960037039007	445.005222633044
0.26161051733360174	438.94959353996904
0.2635914342968135	432.79379296710687
0.26557235126002515	426.42706135953733
0.2675532682232369	420.00488920280367
0.26953418518644856	413.49298310130274
0.2715151021496603	406.94589906934425
0.27349601911287197	400.3952708745047
0.2754769360760837	393.89769487471915
0.2774578530392954	387.48788908551444
0.2794387700025071	381.16034353351415
0.2814196869657188	375.0734083291466
0.2834006039289305	369.11017385065924
0.2853815208921422	363.3931178105479
0.2873624378553539	357.9361044348697
0.28934335481856566	352.6295606977613
0.29132427178177733	347.70974677194033
0.29330518874498906	342.95972507478467
0.29528610570820074	338.43406835134095
0.2972670226714125	334.20089557424666
0.29924793963462415	330.09539443845387
0.3012288565978359	326.2379451799228
0.30320977356104756	322.52474816015297
0.3051906905242593	318.9162204312377
0.30717160748747097	315.48577779128254
0.3091525244506827	312.1046092826598
0.3111334414138944	308.8036706817728
0.3131143583771061	305.5494227799313
0.3150952753403178	302.3141919957801
0.3170761923035295	299.091703776512
0.31905710926674125	295.8578202300468
0.3210380262299529	292.6122673618664
0.32301894319316465	289.32654446004506
0.32499986015637633	286.02192716583744
0.32698077711958806	282.67954905355623
0.32896169408279974	279.3100205365804
0.33094261104601147	275.92486914711725
0.33292352800922315	272.5194435895222
0.3349044449724349	269.1173039072639
0.33688536193564655	265.719920094957
0.3388662788988583	262.35393923102527
0.34084719586206996	259.0084164731462
0.3428281128252817	255.72057630822496
0.34480902978849337	252.48679167126798
0.3467899467517051	249.29594280633177
0.34877086371491683	246.21697960081252
0.3507517806781285	243.18878343969845
0.35273269764134024	240.25202913380636
0.3547136146045519	237.41744660172748
0.35669453156776365	234.63842763664684
0.3586754485309753	231.99281533908245
0.36065636549418706	229.4136692460048
0.36263728245739874	226.9089190611858
0.36461819942061047	224.51333550734057
0.36659911638382214	222.1622265828798
0.3685800333470339	219.8942752547819
0.37056095031024555	217.68024362445502
0.3725418672734573	215.49940346399757
0.37452278423666896	213.3826978695433
0.3765037011998807	211.28350120309526
0.37848461816309237	209.21211139135312
0.3804655351263041	207.16344906102222
0.38244645208951583	205.1244170404937
0.3844273690527275	203.10106157459936
0.38640828601593924	201.08390507462136
0.3883892029791509	199.07213457828672
0.39037011994236265	197.0684082232681
0.3923510369055743	195.06789821955252
0.39433195386878606	193.07319150861588
0.39631287083199773	191.08626432698347
0.39829378779520946	189.10406941778092
0.40027470475842114	187.13775393721633
0.40225562172163287	185.18234595941138
0.40423653868484455	183.2402908781653
0.4062174556480563	181.32625346847692
0.40819837261126796	179.42691783882154
0.4101792895744797	177.5605996448229
0.41216020653769136	175.72398123000553
0.4141411235009031	173.90730270547942
0.41612204046411483	172.14416779719446
0.4181029574273265	170.40270483162055
0.42008387439053824	168.69729935675272
0.4220647913537499	167.03428279931106
0.42404570831696164	165.39277113784553
0.4260266252801733	163.79914076458755
0.42800754224338505	162.23228905404002
0.42998845920659673	160.69087770502054
0.43196937616980846	159.19322844175758
0.43395029313302014	157.71321490395667
0.43593121009623187	156.26567128528754
0.43791212705944355	154.8446771475594
0.4398930440226553	153.43880910752162
0.44187396098586695	152.06610073242487
0.4438548779490787	150.70562714261928
0.4458357949122904	149.3615503791058
0.4478167118755021	148.03619306640152
0.4497976288387138	146.71882041456092
0.4517785458019255	145.4164887690362
0.45375946276513723	144.1230750429733
0.4557403797283489	142.83622542517307
0.45772129669156064	141.56319433902536
0.4597022136547723	140.295753460442
0.46168313061798405	139.03793679468225
0.4636640475811957	137.79133256429114
0.46564496454440746	136.55080464045744
0.46762588150761913	135.3253460257847
0.46960679847083087	134.10884779509416
0.47158771543404254	132.90165647058592
0.4735686323972543	131.71186744607652
0.475549549360466	130.53021903451972
0.4775304663236777	129.36487244543008
0.4795113832868894	128.21493094188637
0.4814923002501011	127.07426532535095
0.4834732172133128	125.95928911657562
0.4854541341765245	124.85558292854034
0.48743505113973623	123.76843324530093
0.4894159681029479	122.70384739152118
0.49139688506615964	121.65014270942204
0.4933778020293713	120.61977571770443
0.49535871899258305	119.60412517268111
0.4973396359557947	118.60033629016624
0.49932055291900646	117.61929084422475
0.5013014698822181	116.64677155021057
0.5032823868454298	115.68913304304316
0.5052633038086416	114.74527490632632
0.5072442207718533	113.8087701508048
0.509225137735065	112.88850923755555
0.5112060546982767	111.97588201060933
0.5131869716614884	111.07192555767666
0.5151678886247001	110.18056195877679
0.5171488055879118	109.29457439304781
0.5191297225511236	108.41897350604845
0.5211106395143352	107.55101318457574
0.5230915564775469	106.68779792868942
0.5250724734407586	105.83620297145873
0.5270533904039704	104.98894720827225
0.529034307367182	104.14868708554029
0.5310152243303937	103.31735052570744
0.5329961412936054	102.49061681817861
0.5349770582568172	101.67461029275105
0.5369579752200289	100.86582983884902
0.5389388921832405	100.0634220899989
0.5409198091464523	99.27415791552271
0.542900726109664	98.49049946207477
0.5448816430728757	97.71718421220888
0.5468625600360874	96.95390367852926
0.5488434769992991	96.1962506191217
0.5508243939625108	95.45209137756876
0.5528053109257225	94.71425002490247
0.5547862278889342	93.9842608461028
0.556767144852146	93.26581846608475
0.5587480618153576	92.552694444318
0.5607289787785693	91.85049304220439
0.562709895741781	91.15647133232474
0.5646908127049928	90.46802767166704
0.5666717296682044	89.79257003686283
0.5686526466314161	89.12197496503506
0.5706335635946278	88.45947967059087
0.5726144805578396	87.80570919047062
0.5745953975210513	87.15631357740743
0.5765763144842629	86.51634544695494
0.5785572314474747	85.88149157592369
0.5805381484106864	85.2515704288637
0.5825190653738981	84.63018073946506
0.5844999823371098	84.01241239811841
0.5864808993003215	83.40147196489039
0.5884618162635332	82.79670990960312
0.5904427332267449	82.19553761246574
0.5924236501899566	81.60321178388325
0.5944045671531684	81.01472162878095
0.59638548411638	80.43145255700885
0.5983664010795917	79.85518025378884
0.6003473180428034	79.28216600865319
0.6023282350060152	78.71591113215585
0.6043091519692269	78.15439918946203
0.6062900689324385	77.59643321497745
0.6082709858956503	77.04649538009816
0.610251902858862	76.49982776484053
0.6122328198220737	75.95882606765521
0.6142137367852853	75.4244494046046
0.6161946537484971	74.89358390659945
0.6181755707117088	74.37088841324979
0.6201564876749205	73.85266242570094
0.6221374046381322	73.33915056935032
0.624118321601344	72.83296226228993
0.6260992385645556	72.3394398560293
0.6280801555277673	71.88016676709043
0.630061072490979	71.42089367815157
0.6320419894541908	70.96162058921269
0.6340229064174024	70.50234750027381
0.6360038233806141	70.04307441133494
0.6379847403438259	69.58380132239606
0.6399656573070376	69.1245282334572
0.6419465742702493	68.66525514451833
0.6439274912334609	68.20598205557947
0.6459084081966727	67.74670896664057
0.6478893251598844	67.28743587770171
0.6498702421230961	66.82816278876284
0.6518511590863078	66.36888969982398
0.6538320760495195	65.90961661088508
0.6558129930127312	65.45034352194622
0.6577939099759429	64.99107043300735
0.6597748269391546	64.5317973440685
0.6617557439023664	64.0765429882729
0.663736660865578	63.69345885642945
0.6657175778287897	63.310374724586005
0.6676984947920015	62.92729059274253
0.6696794117552132	62.54420646089908
0.6716603287184248	62.16112232905563
0.6736412456816365	61.77803819721218
0.6756221626448483	61.39495406536871
0.67760307960806	61.01186993352526
0.6795839965712717	60.62878580168181
0.6815649135344833	60.24570166983836
0.6835458304976951	59.862617537994886
0.6855267474609068	59.47953340615144
0.6875076644241185	59.096449274307986
0.6894885813873302	58.71336514246454
0.691469498350542	58.330281010621064
0.6934504153137536	57.94719687877762
0.6954313322769653	57.564112746934164
0.6974122492401771	57.181028615090696
0.6993931662033888	56.79794448324724
0.7013740831666004	56.414860351403796
0.7033550001298121	56.03177621956034
0.7053359170930239	55.6674414174191
0.7073168340562356	55.35795687753441
0.7092977510194473	55.04847233764972
0.7112786679826589	54.738987797765034
0.7132595849458707	54.42950325788033
0.7152405019090824	54.120018717995634
0.7172214188722941	53.81053417811094
0.7192023358355057	53.501049638226256
0.7211832527987175	53.19156509834155
0.7231641697619292	52.88208055845686
0.7251450867251409	52.57259601857217
0.7271260036883526	52.26311147868748
0.7291069206515643	51.95362693880277
0.731087837614776	51.644142398918085
0.7330687545779877	51.3346578590334
0.7350496715411995	51.02517331914869
0.7370305885044112	50.715688779264
0.7390115054676228	50.406204239379306
0.7409924224308345	50.09671969949462
0.7429733393940463	49.787235159609914
0.744954256357258	49.47775061972522
0.7469351733204697	49.168266079840535
0.7489160902836813	48.85878153995584
0.7508970072468931	48.549297000071135
0.7528779242101048	48.23981246018645
0.7548588411733165	47.93032792030176
0.7568397581365282	47.62084338041707
0.7588206750997399	47.311358840532364
0.7608015920629516	47.067030317773316
0.7627825090261633	46.82779475561554
0.7647634259893751	46.588559193457755
0.7667443429525868	46.34932363129998
0.7687252599157984	46.11008806914221
0.7707061768790101	45.870852506984434
0.7726870938422219	45.631616944826646
0.7746680108054336	45.39238138266887
0.7766489277686452	45.1531458205111
0.7786298447318569	44.913910258353326
0.7806107616950687	44.67467469619554
0.7825916786582804	44.435439134037765
0.7845725956214921	44.19620357187999
0.7865535125847037	43.95696800972222
0.7885344295479155	43.71773244756444
0.7905153465111272	43.47849688540666
0.7924962634743389	43.23926132324889
0.7944771804375507	43.0000257610911
0.7964580974007623	42.76079019893333
0.798439014363974	42.521554636775555
0.8004199313271857	42.28231907461778
0.8024008482903975	42.043083512459994
0.8043817652536092	41.80384795030222
0.8063626822168208	41.56461238814445
0.8083435991800325	41.32537682598667
0.8103245161432443	41.086141263828885
0.812305433106456	40.84690570167111
0.8142863500696677	40.60767013951334
0.8162672670328793	40.368434577355565
0.8182481839960911	40.12919901519778
0.8202291009593028	39.889963453040004
0.8222100179225145	39.65072789088223
0.8241909348857261	39.41149232872446
0.8261718518489379	39.172256766566676
0.8281527688121496	38.9330212044089
0.8301336857753613	38.69378564225113
0.8321146027385731	38.4783670585668
0.8340955197017847	38.30671469676913
0.8360764366649964	38.13506233497145
0.8380573536282081	37.963409973173775
0.8400382705914199	37.791757611376084
0.8420191875546316	37.62010524957841
0.8440001045178432	37.44845288778073
0.8459810214810549	37.276800525983056
0.8479619384442667	37.105148164185366
0.8499428554074784	36.93349580238769
0.8519237723706901	36.76184344059001
0.8539046893339017	36.59019107879234
0.8558856062971135	36.41853871699465
0.8578665232603252	36.24688635519697
0.8598474402235369	36.075233993399294
0.8618283571867487	35.903581631601604
0.8638092741499603	35.73192926980393
0.865790191113172	35.56027690800625
0.8677711080763837	35.388624546208575
0.8697520250395955	35.216972184410885
0.8717329420028072	35.04531982261321
0.8737138589660188	34.87366746081553
0.8756947759292305	34.702015099017856
0.8776756928924423	34.530362737220166
0.879656609855654	34.35871037542249
0.8816375268188656	34.187058013624814
0.8836184437820773	34.01540565182714
0.8855993607452891	33.84375329002945
0.8875802777085008	33.67210092823177
0.8895611946717125	33.500448566434095
0.8915421116349243	33.328796204636404
0.8935230285981359	33.15714384283873
0.8955039455613476	32.98549148104105
0.8974848625245593	32.813839119243376
0.8994657794877711	32.642186757445685
0.9014466964509827	32.47053439564801
0.9034276134141944	32.29888203385033
0.9054085303774061	32.12722967205265
0.9073894473406179	31.955577310254967
0.9093703643038296	31.78392494845729
0.9113512812670412	31.61227258665961
0.9133321982302529	31.440620224861934
0.9153131151934647	31.268967863064248
0.9172940321566764	31.09731550126657
0.919274949119888	30.92566313946889
0.9212558660830998	30.754010777671205
0.9232367830463115	30.58235841587353
0.9252177000095232	30.41070605407585
0.9271986169727349	30.239053692278173
0.9291795339359467	30.067401330480486
0.9311604508991583	29.89574896868281
0.93314136786237	29.72409660688513
0.9351222848255817	29.55244424508745
0.9371032017887935	29.380791883289767
0.9390841187520051	29.259300368956374
0.9410650357152168	29.150394057287475
0.9430459526784285	29.04148774561858
0.9450268696416403	28.932581433949675
0.947007786604852	28.82367512228078
0.9489887035680636	28.714768810611883
0.9509696205312754	28.60586249894298
0.9529505374944871	28.496956187274083
0.9549314544576988	28.388049875605184
0.9569123714209105	28.279143563936287
0.9588932883841222	28.170237252267384
0.9608742053473339	28.061330940598488
0.9628551223105456	27.95242462892959
0.9648360392737573	27.843518317260695
0.9668169562369691	27.734612005591792
0.9687978732001807	27.625705693922896
0.9707787901633924	27.516799382253996
0.9727597071266041	27.4078930705851
0.9747406240898159	27.298986758916197
0.9767215410530276	27.1900804472473
0.9787024580162392	27.081174135578404
0.9806833749794509	26.972267823909508
0.9826642919426627	26.863361512240605
0.9846452089058744	26.754455200571705
0.986626125869086	26.64554888890281
0.9886070428322978	26.536642577233906
0.9905879597955095	26.42773626556501
0.9925688767587212	26.318829953896113
0.9945497937219329	26.209923642227217
0.9965307106851446	26.101017330558314
0.9985116276483563	25.992111018889418
1.000492544611568	25.883204707220518
1.0024734615747797	25.77429839555162
1.0044543785379914	25.665392083882725
1.006435295501203	25.55648577221383
1.008416212464415	25.44757946054492
1.0103971294276266	25.338673148876023
1.0123780463908383	25.229766837207126
1.01435896335405	25.120860525538227
1.0163398803172616	25.01195421386933
1.0183207972804733	24.903047902200434
1.020301714243685	24.794141590531538
1.0222826312068969	24.685235278862628
1.0242635481701086	24.57632896719373
1.0262444651333202	24.467422655524835
1.028225382096532	24.35851634385594
1.0302062990597436	24.24961003218704
1.0321872160229553	24.140703720518143
1.034168132986167	24.031797408849247
1.0361490499493786	23.92289109718035
1.0381299669125905	23.81398478551144
1.0401108838758022	23.705078473842544
1.0420918008390139	23.596172162173648
1.0440727178022255	23.48726585050475
1.0460536347654372	23.378359538835852
1.048034551728649	23.269453227166956
1.0500154686918606	23.16054691549806
1.0519963856550725	23.05164060382915
1.0539773026182842	22.942734292160253
1.0559582195814958	22.833827980491357
1.0579391365447075	22.72492166882246
1.0599200535079192	22.61601535715356
1.0619009704711309	22.507109045484665
1.0638818874343425	22.39820273381577
1.0658628043975542	22.289296422146872
1.067843721360766	22.180390110477962
1.0698246383239778	22.071483798809066
1.0718055552871895	21.96257748714017
1.0737864722504011	21.85367117547127
1.0757673892136128	21.744764863802374
1.0777483061768245	21.635858552133477
1.0797292231400362	21.52695224046458
1.081710140103248	21.41804592879567
1.0836910570664597	21.309139617126775
1.0856719740296714	21.20023330545788
1.087652890992883	21.091326993788982
1.0896338079560948	20.982420682120086
1.0916147249193064	20.873514370451186
1.0935956418825181	20.76460805878229
1.0955765588457298	20.655701747113394
1.0975574758089417	20.546795435444484
1.0995383927721534	20.437889123775587
1.101519309735365	20.328982812106688
1.1035002266985767	20.22007650043779
1.1054811436617884	20.111170188768895
1.107462060625	20.0022638771
